"state.fips","year","tot.pop","child.pop","adult.pop","wht.pop","wht.child.pop","wht.adult.pop","blk.pop","blk.child.pop","blk.adult.pop","ai.pop","ai.child.pop","ai.adult.pop","aa.pop","aa.child.pop","aa.adult.pop","lat.pop","lat.child.pop","lat.adult.pop"
"01",1990,4050055,1050041,3000014,2987764,696535,2291229,1024198,341834,682364,16224,5493,10731,21869,6179,15690,24107,7742,16365
"01",1991,4099156,1060794,3038362,3018779,702743,2316036,1040280,345949,694331,17015,5703,11312,23082,6399,16683,25012,7726,17286
"01",1992,4154014,1072873,3081141,3051680,709423,2342257,1060627,351142,709485,17357,5626,11731,24350,6682,17668,26745,8186,18559
"01",1993,4214202,1085606,3128596,3088449,716700,2371749,1081479,356205,725274,18002,5682,12320,26272,7019,19253,29537,9134,20403
"01",1994,4260229,1097180,3163049,3114389,722473,2391916,1099593,361506,738087,18566,5821,12745,27681,7380,20301,33152,10469,22683
"01",1995,4296800,1110553,3186247,3134093,730857,2403236,1114033,365726,748307,19386,5994,13392,29288,7976,21312,37268,12201,25067
"01",1996,4331102,1112092,3219010,3154959,732408,2422551,1125093,365140,759953,20493,6194,14299,30557,8350,22207,42796,14058,28738
"01",1997,4367935,1122893,3245042,3174843,739291,2435552,1140120,368582,771538,21229,6374,14855,31743,8646,23097,49427,16746,32681
"01",1998,4404701,1118252,3286449,3198040,737118,2460922,1152248,366231,786017,21783,6232,15551,32630,8671,23959,56899,18994,37905
"01",1999,4430141,1121287,3308854,3211308,739653,2471655,1162673,366472,796201,22666,6371,16295,33494,8791,24703,65183,21638,43545
"01",2000,4452173,1122273,3329900,3219856,739988,2479868,1170617,365774,804843,25139,7222,17917,36561,9289,27272,77016,25127,51889
"01",2001,4467634,1120409,3347225,3225628,738706,2486922,1177479,364515,812964,26010,7368,18642,38517,9820,28697,85722,28255,57467
"01",2002,4480089,1116590,3363499,3229712,735933,2493779,1182591,362909,819682,27003,7442,19561,40783,10306,30477,94179,31429,62750
"01",2003,4503491,1113083,3390408,3241836,734154,2507682,1190183,360328,829855,28065,7671,20394,43407,10930,32477,103472,35008,68464
"01",2004,4530729,1113662,3417067,3255811,734220,2521591,1199192,359856,839336,28974,7824,21150,46752,11762,34990,113284,38776,74508
"01",2005,4569805,1117229,3452576,3279048,737450,2541598,1210903,359220,851683,29957,7935,22022,49897,12624,37273,124822,43562,81260
"01",2006,4628981,1126798,3502183,3314160,743621,2570539,1230534,361353,869181,31165,8236,22929,53122,13588,39534,137842,48914,88928
"01",2007,4672840,1132296,3540544,3340633,747535,2593098,1243867,361556,882311,32273,8640,23633,56067,14565,41502,150652,54450,96202
"01",2008,4718206,1134927,3583279,3366536,749766,2616770,1259177,360757,898420,33518,8980,24538,58975,15424,43551,163709,59786,103923
"01",2009,4757938,1134192,3623746,3389202,748473,2640729,1271247,360038,911209,34844,9475,25369,62645,16206,46439,176518,64387,112131
"01",2010,4785161,1130219,3654942,3402493,745314,2657179,1281712,358126,923586,35766,9833,25933,65190,16946,48244,186652,67952,118700
"01",2011,4801108,1125009,3676099,3408826,743399,2665427,1289056,354717,934339,35912,9510,26402,67314,17383,49931,190938,71181,119757
"01",2012,4816089,1116243,3699846,3412888,738544,2674344,1297434,350713,946721,36000,9217,26783,69767,17769,51998,192806,72295,120511
"01",2013,4830533,1108916,3721617,3415240,734176,2681064,1306975,347614,959361,36082,8969,27113,72236,18157,54079,195158,74054,121104
"01",2014,4846411,1106370,3740041,3418543,731476,2687067,1316320,347259,969061,36586,9012,27574,74962,18623,56339,199106,76362,122744
"01",2015,4858979,1103496,3755483,3418094,727564,2690530,1325905,347649,978256,37228,9124,28104,77752,19159,58593,203325,78407,124918
"02",1990,553290,177502,375788,423276,126947,296329,22665,8260,14405,87214,35794,51420,20135,6501,13634,17228,6769,10459
"02",1991,570193,182180,388013,436361,129986,306375,23030,8492,14538,89608,36891,52717,21194,6811,14383,17838,6983,10855
"02",1992,588736,184878,403858,449292,131296,317996,24744,9041,15703,92191,37432,54759,22509,7109,15400,18617,7216,11401
"02",1993,599432,187190,412242,454995,131749,323246,26577,9779,16798,94087,38186,55901,23773,7476,16297,19120,7441,11679
"02",1994,603308,187439,415869,456674,131200,325474,26129,9795,16334,95764,38734,57030,24741,7710,17031,19828,7651,12177
"02",1995,604412,184990,419422,456965,128858,328107,24854,9272,15582,96969,38945,58024,25624,7915,17709,20423,7826,12597
"02",1996,608569,185360,423209,457769,128208,329561,24463,9067,15396,99390,39829,59561,26947,8256,18691,21067,8104,12963
"02",1997,612968,188280,424688,457908,128916,328992,25352,9692,15660,101459,40891,60568,28249,8781,19468,22196,8759,13437
"02",1998,619932,192636,427296,460556,131040,329516,26194,10279,15915,103986,42215,61771,29196,9102,20094,22831,9178,13653
"02",1999,624779,191422,433357,462052,129231,332821,26610,10444,16166,105727,42407,63320,30390,9340,21050,23997,9509,14488
"02",2000,627963,190615,437348,461096,127432,333664,26707,10439,16268,107966,42938,65028,32194,9806,22388,25963,10298,15665
"02",2001,633714,188771,444943,463818,125356,338462,27347,10493,16854,108715,42748,65967,33834,10174,23660,27989,10989,17000
"02",2002,642337,188482,453855,468708,124337,344371,28157,10708,17449,109756,42694,67062,35716,10743,24973,29943,11801,18142
"02",2003,648414,186843,461571,471541,122436,349105,28196,10700,17496,110936,42484,68452,37741,11223,26518,31417,12398,19019
"02",2004,659286,186335,472951,478466,121418,357048,28663,10759,17904,112721,42489,70232,39436,11669,27767,32879,12879,20000
"02",2005,666946,185304,481642,482692,120181,362511,28771,10739,18032,114256,42383,71873,41227,12001,29226,34422,13345,21077
"02",2006,675302,185580,489722,487954,120029,367925,29078,10823,18255,115621,42356,73265,42649,12372,30277,35505,13746,21759
"02",2007,680300,184344,495956,490413,119047,371366,29592,10764,18828,116298,41939,74359,43997,12594,31403,36229,13918,22311
"02",2008,687455,183124,504331,493965,117376,376589,30075,10903,19172,117376,41578,75798,46039,13267,32772,37256,14193,23063
"02",2009,698895,186351,512544,499867,118779,381088,30573,11292,19281,119327,41774,77553,49128,14506,34622,38232,14652,23580
"02",2010,714021,188035,525986,509841,119476,390365,31880,11459,20421,120777,41813,78964,51523,15287,36236,40055,15045,25010
"02",2011,722720,188581,534139,513911,119113,394798,33072,11688,21384,122187,42165,80022,53550,15615,37935,42426,15585,26841
"02",2012,731228,188403,542825,517551,118031,399520,35207,11831,23376,122851,42497,80354,55619,16044,39575,46031,16450,29581
"02",2013,737442,188299,549143,520073,117309,402764,36441,11904,24537,123432,42738,80694,57496,16348,41148,49068,17190,31878
"02",2014,737046,187079,549967,517488,116111,401377,36605,11924,24681,123737,42452,81285,59216,16592,42624,50618,17396,33222
"02",2015,738432,186266,552166,516494,115193,401301,37042,12036,25006,123952,42169,81783,60944,16868,44076,51826,17467,34359
"04",1990,3684097,1006040,2678057,3293186,856223,2436963,115796,40996,74800,215940,91701,124239,59175,17120,42055,697660,272257,425403
"04",1991,3788576,1028285,2760291,3380441,872923,2507518,121994,43293,78701,222457,93985,128472,63684,18084,45600,737846,284233,453613
"04",1992,3915740,1055572,2860168,3490693,895137,2595556,127617,45243,82374,229298,96283,133015,68132,18909,49223,787515,301477,486038
"04",1993,4065440,1094233,2971207,3620665,926634,2694031,133252,47494,85758,237276,99437,137839,74247,20668,53579,842872,321071,521801
"04",1994,4245089,1119857,3125232,3778735,947261,2831474,141948,49877,92071,243930,100823,143107,80476,21896,58580,899570,335643,563927
"04",1995,4432499,1173391,3259108,3941788,992172,2949616,150424,53240,97184,253174,104425,148749,87113,23554,63559,965163,360810,604353
"04",1996,4586940,1215285,3371655,4075957,1027672,3048285,157868,55758,102110,259560,106610,152950,93555,25245,68310,1028042,384032,644010
"04",1997,4736990,1237159,3499831,4207817,1047461,3160356,164445,57074,107371,265399,106562,158837,99329,26062,73267,1091765,404644,687121
"04",1998,4883342,1285794,3597548,4337508,1090390,3247118,171440,60114,111326,269706,107768,161938,104688,27522,77166,1162762,435886,726876
"04",1999,5023823,1332396,3691427,4460582,1131681,3328901,177619,62507,115112,275286,109409,165877,110336,28799,81537,1235716,467426,768290
"04",2000,5160586,1373414,3787172,4578915,1167892,3411023,184843,64779,120064,280002,110498,169504,116826,30245,86581,1309389,498147,811242
"04",2001,5273477,1399015,3874462,4669299,1188248,3481051,194201,67595,126606,284705,110879,173826,125272,32293,92979,1366916,519417,847499
"04",2002,5396255,1427938,3968317,4766279,1210706,3555573,204176,70592,133584,291458,112172,179286,134342,34468,99874,1426437,541867,884570
"04",2003,5510364,1453671,4056693,4854518,1229787,3624731,213993,73921,140072,298633,113313,185320,143220,36650,106570,1480908,562880,918028
"04",2004,5652404,1484454,4167950,4965804,1252485,3713319,226956,77968,148988,306256,114761,191495,153388,39240,114148,1541006,585359,955647
"04",2005,5839077,1529168,4309909,5111992,1285386,3826606,243074,83400,159674,316197,117134,199063,167814,43248,124566,1618339,614466,1003873
"04",2006,6029141,1574867,4454274,5255478,1318669,3936809,262150,89440,172710,327058,119054,208004,184455,47704,136751,1701963,645920,1056043
"04",2007,6167681,1607895,4559786,5354405,1340740,4013665,278537,94709,183828,336800,120984,215816,197939,51462,146477,1773645,672537,1101108
"04",2008,6280362,1628651,4651711,5429954,1352190,4077764,294617,99496,195121,346539,122661,223878,209252,54304,154948,1830866,690967,1139899
"04",2009,6343154,1627343,4715811,5464047,1344783,4119264,308020,103430,204590,353144,122762,230382,217943,56368,161575,1866820,697615,1169205
"04",2010,6408208,1626111,4782097,5505096,1339850,4165246,317889,105374,212515,359533,122741,236792,225690,58146,167544,1903754,703349,1200405
"04",2011,6468732,1614034,4854698,5543029,1326089,4216940,326945,106427,220518,364935,122501,242434,233823,59017,174806,1934892,697569,1237323
"04",2012,6553262,1614004,4939258,5600563,1321967,4278596,337933,108487,229446,371739,123345,248394,243027,60205,182822,1973387,698362,1275025
"04",2013,6630799,1613872,5016927,5652949,1317587,4335362,348529,111021,237508,377148,123903,253245,252173,61361,190812,2011295,699200,1312095
"04",2014,6728783,1619031,5109752,5721892,1317597,4404295,361030,114075,246955,383240,124405,258835,262621,62954,199667,2055560,702763,1352797
"04",2015,6828065,1622850,5205215,5790662,1316179,4474483,374864,117398,257466,388640,124494,264146,273899,64779,209120,2098410,704841,1393569
"05",1990,2356586,620933,1735653,1956611,476397,1480214,375370,137032,238338,12356,3620,8736,12249,3884,8365,19208,7238,11970
"05",1991,2383144,626212,1756932,1977662,480194,1497468,380194,138328,241866,12598,3739,8859,12690,3951,8739,21067,7836,13231
"05",1992,2415984,638269,1777715,2002832,489273,1513559,386732,141075,245657,13177,3931,9246,13243,3990,9253,23129,8706,14423
"05",1993,2456303,643474,1812829,2034508,492984,1541524,393794,142302,251492,13456,3996,9460,14545,4192,10353,26801,10066,16735
"05",1994,2494019,653842,1840177,2066260,501839,1564421,398538,143549,254989,13657,4069,9588,15564,4385,11179,31346,11617,19729
"05",1995,2535399,667671,1867728,2099481,513247,1586234,404627,145424,259203,14317,4335,9982,16974,4665,12309,38738,14932,23806
"05",1996,2572109,677912,1894197,2127070,520911,1606159,411450,147360,264090,15325,4706,10619,18264,4935,13329,48681,18830,29851
"05",1997,2601090,680203,1920887,2149156,522559,1626597,416291,147314,268977,16028,5000,11028,19615,5330,14285,55830,21434,34396
"05",1998,2626289,683637,1942652,2168119,525153,1642966,420780,147534,273246,17040,5299,11741,20350,5651,14699,64811,24732,40079
"05",1999,2651860,681940,1969920,2187944,523894,1664050,424438,146530,277908,18045,5599,12446,21433,5917,15516,74627,28219,46408
"05",2000,2678588,680378,1998210,2206753,522420,1684333,427259,145188,282071,20037,6145,13892,24539,6625,17914,87804,32322,55482
"05",2001,2691571,679606,2011965,2214656,521412,1693244,429929,144901,285028,20829,6258,14571,26157,7035,19122,96526,35890,60636
"05",2002,2705927,678798,2027129,2224117,521078,1703039,432330,143832,288498,21526,6353,15173,27954,7535,20419,105694,39894,65800
"05",2003,2724816,679579,2045237,2237427,521586,1715841,435025,143274,291751,22277,6493,15784,30087,8226,21861,115624,44170,71454
"05",2004,2749686,683166,2066520,2255345,524339,1731006,438712,143077,295635,23054,6719,16335,32575,9031,23544,125103,48316,76787
"05",2005,2781097,689787,2091310,2278997,529639,1749358,442674,143347,299327,24240,6940,17300,35186,9861,25325,137148,53557,83591
"05",2006,2821761,697842,2123919,2308449,535320,1773129,450382,144649,305733,25108,7157,17951,37822,10716,27106,149583,59155,90428
"05",2007,2848650,702737,2145913,2328952,539644,1789308,453433,144124,309309,26220,7547,18673,40045,11422,28623,160397,64070,96327
"05",2008,2874554,705725,2168829,2346846,541995,1804851,458375,143655,314720,27242,7998,19244,42091,12077,30014,170231,68356,101875
"05",2009,2896843,707886,2188957,2361582,543297,1818285,462207,143462,318745,28106,8248,19858,44948,12879,32069,179039,71993,107046
"05",2010,2922394,712014,2210380,2377955,545482,1832473,467743,144146,323597,29192,8787,20405,47504,13599,33905,187478,75469,112009
"05",2011,2938538,710565,2227973,2388429,545508,1842921,470425,142287,328138,29775,8745,21030,49909,14025,35884,193117,77323,115794
"05",2012,2949499,709998,2239501,2393991,544810,1849181,472669,141763,330906,30538,8926,21612,52301,14499,37802,198885,79129,119756
"05",2013,2957957,708557,2249400,2396688,543011,1853677,475632,141356,334276,31054,8972,22082,54583,15218,39365,203639,80403,123236
"05",2014,2966835,706599,2260236,2399472,540677,1858795,478707,140982,337725,31823,9141,22682,56833,15799,41034,208620,81762,126858
"05",2015,2978204,705300,2272904,2404531,538916,1865615,481843,140670,341173,32550,9405,23145,59280,16309,42971,213957,83122,130835
"06",1990,29959515,7980501,21979014,24354238,6285480,18068758,2322371,726693,1595678,290666,93327,197339,2992240,875001,2117239,7779607,2815360,4964247
"06",1991,30470736,8245605,22225131,24674660,6487123,18187537,2361537,753296,1608241,304866,99027,205839,3129673,906159,2223514,8092243,2958009,5134234
"06",1992,30974659,8439647,22535012,24987762,6631660,18356102,2394610,769924,1624686,320375,104775,215600,3271912,933288,2338624,8421511,3103306,5318205
"06",1993,31274928,8624810,22650118,25131240,6768734,18362506,2406609,783872,1622737,335651,111211,224440,3401428,960993,2440435,8751621,3257504,5494117
"06",1994,31484435,8790058,22694377,25214253,6891034,18323219,2411731,795858,1615873,351450,118683,232767,3507001,984483,2522518,9053073,3401947,5651126
"06",1995,31696582,8920578,22776004,25298010,6981134,18316876,2418634,805389,1613245,367482,125927,241555,3612456,1008128,2604328,9316255,3521024,5795231
"06",1996,32018834,9079519,22939315,25484457,7098713,18385744,2434897,817945,1616952,386136,133878,252258,3713344,1028983,2684361,9617003,3652147,5964856
"06",1997,32486010,9135359,23350651,25795077,7139551,18655526,2455408,816228,1639180,406190,140564,265626,3829335,1039016,2790319,9958475,3763724,6194751
"06",1998,32987675,9163238,23824437,26141690,7160343,18981347,2477681,812881,1664800,429045,147364,281681,3939259,1042650,2896609,10318932,3862246,6456686
"06",1999,33499204,9207878,24291326,26492434,7196641,19295793,2502469,813427,1689042,453029,154363,298666,4051272,1043447,3007825,10682606,3964432,6718174
"06",2000,33987977,9267089,24720888,26811620,7240817,19570803,2523792,812438,1711354,477508,161220,316288,4175057,1052614,3122443,11054553,4076752,6977801
"06",2001,34479458,9325466,25153992,27098184,7275585,19822599,2547829,811869,1735960,495065,164211,330854,4338380,1073801,3264579,11383962,4166614,7217348
"06",2002,34871843,9365142,25506701,27309018,7295659,20013359,2567326,810037,1757289,513001,167250,345751,4482498,1092196,3390302,11705795,4255428,7450367
"06",2003,35253159,9404594,25848565,27511542,7312892,20198650,2585567,807137,1778430,534792,172609,362183,4621258,1111956,3509302,12030015,4344860,7685155
"06",2004,35574576,9418497,26156079,27663667,7310197,20353470,2603152,800989,1802163,557610,177629,379981,4750147,1129682,3620465,12335567,4422208,7913359
"06",2005,35827943,9405565,26422378,27746395,7281260,20465135,2615407,792438,1822969,581877,183605,398272,4884264,1148262,3736002,12619831,4490579,8129252
"06",2006,36021202,9370884,26650318,27773583,7233760,20539823,2626937,783783,1843154,607308,190108,417200,5013374,1163233,3850141,12876105,4545520,8330585
"06",2007,36250311,9335620,26914691,27832336,7184784,20647552,2639369,774820,1864549,636353,198170,438183,5142253,1177846,3964407,13136305,4602842,8533463
"06",2008,36604337,9321621,27282716,27990346,7146519,20843827,2662354,768951,1893403,669667,207573,462094,5281970,1198578,4083392,13447993,4663981,8784012
"06",2009,36961229,9294501,27666728,28147510,7089971,21057539,2691724,765735,1925989,709279,221574,487705,5412716,1217221,4195495,13759867,4713142,9046725
"06",2010,37334079,9281738,28052341,28325276,7051720,21273556,2722946,763938,1959008,740738,231733,509005,5545119,1234347,4310772,14068684,4755574,9313110
"06",2011,37700034,9249473,28450561,28540245,7032266,21507979,2741435,754019,1987416,745546,226543,519003,5672808,1236645,4436163,14314790,4763072,9551718
"06",2012,38056055,9201186,28854869,28739146,6996201,21742945,2759697,742047,2017650,750496,221367,529129,5806716,1241571,4565145,14534531,4753308,9781223
"06",2013,38414128,9163906,29250222,28925625,6960960,21964665,2776686,732071,2044615,755519,216580,538939,5956298,1254295,4702003,14747252,4740732,10006520
"06",2014,38792291,9141154,29651137,29110002,6931760,22178242,2802144,726856,2075288,764054,215790,548264,6116091,1266748,4849343,14972307,4739457,10232850
"06",2015,39144818,9120916,30023902,29268218,6900530,22367688,2827821,723547,2104274,772709,216306,556403,6276070,1280533,4995537,15184548,4737149,10447399
"08",1990,3307618,881640,2425978,3077815,806946,2270869,136626,44978,91648,31030,10483,20547,62147,19233,42914,429571,156111,273460
"08",1991,3387119,896537,2490582,3147468,819431,2328037,142090,46698,95392,32561,10796,21765,65000,19612,45388,448315,160701,287614
"08",1992,3495939,925577,2570362,3243680,843808,2399872,147912,49468,98444,34617,11523,23094,69730,20778,48952,471616,169056,302560
"08",1993,3613734,947806,2665928,3347961,862214,2485747,153962,51589,102373,37006,12202,24804,74805,21801,53004,499975,177186,322789
"08",1994,3724168,966412,2757756,3446691,878091,2568600,158896,52988,105908,39086,12723,26363,79495,22610,56885,526626,184723,341903
"08",1995,3826653,984310,2842343,3537859,893030,2644829,162559,54237,108322,41429,13396,28033,84806,23647,61159,555987,193380,362607
"08",1996,3919972,1003946,2916026,3619895,909623,2710272,166672,55475,111197,44062,14223,29839,89343,24625,64718,587035,203241,383794
"08",1997,4018293,1030557,2987736,3705889,932183,2773706,171306,57369,113937,46536,15044,31492,94562,25961,68601,622436,217184,405252
"08",1998,4116639,1060066,3056573,3788970,956625,2832345,177472,59744,117728,49668,16071,33597,100529,27626,72903,658967,231158,427809
"08",1999,4226018,1083938,3142080,3882901,975748,2907153,183070,61726,121344,53067,17281,35786,106980,29183,77797,702024,246461,455563
"08",2000,4326921,1106676,3220245,3963927,993237,2970690,189870,63695,126175,57949,18605,39344,115175,31139,84036,745292,261970,483322
"08",2001,4425687,1126647,3299040,4046133,1008770,3037363,196376,65584,130792,61132,19496,41636,122046,32797,89249,783269,275789,507480
"08",2002,4490406,1138273,3352133,4097747,1017177,3080570,201149,66743,134406,63879,20319,43560,127631,34034,93597,817023,289383,527640
"08",2003,4528732,1144597,3384135,4127630,1020752,3106878,203049,67853,135196,65942,20648,45294,132111,35344,96767,842340,299737,542603
"08",2004,4575013,1146369,3428644,4160952,1020161,3140791,208322,68376,139946,68901,21245,47656,136838,36587,100251,864744,307596,557148
"08",2005,4631888,1156399,3475489,4206548,1026988,3179560,211476,69386,142090,72029,22161,49868,141835,37864,103971,892419,319202,573217
"08",2006,4720423,1171832,3548591,4278464,1038143,3240321,218810,71385,147425,75455,22838,52617,147694,39466,108228,923306,330976,592330
"08",2007,4803868,1189434,3614434,4346486,1050659,3295827,224746,73490,151256,79271,24118,55153,153365,41167,112198,954181,343817,610364
"08",2008,4889730,1203289,3686441,4414527,1059132,3355395,231792,75447,156345,84116,25814,58302,159295,42896,116399,984899,354537,630362
"08",2009,4972195,1217213,3754982,4478565,1067373,3411192,239309,77456,161853,88634,27588,61046,165687,44796,120891,1015491,366358,649133
"08",2010,5048254,1227107,3821147,4535076,1072028,3463048,247410,79202,168208,93342,29370,63972,172426,46507,125919,1044330,375675,668655
"08",2011,5119480,1230984,3888496,4592735,1074334,3518401,253240,79692,173548,95045,29430,65615,178460,47528,130932,1066429,379240,687189
"08",2012,5191731,1233838,3957893,4650282,1075536,3574746,260351,80652,179699,96480,29307,67173,184618,48343,136275,1087245,381431,705814
"08",2013,5271132,1238761,4032371,4712780,1077576,3635204,267743,81989,185754,98500,29683,68817,192109,49513,142596,1109778,384465,725313
"08",2014,5355588,1247096,4108492,4778788,1082433,3696355,276092,83719,192373,100617,30107,70510,200091,50837,149254,1135350,388914,746436
"08",2015,5456574,1257065,4199509,4860059,1088761,3771298,284005,85149,198856,103235,30626,72609,209275,52529,156746,1164274,393645,770629
"09",1990,3291967,752666,2539301,2949149,645449,2303700,283440,89936,193504,6996,1863,5133,52382,15418,36964,214806,77692,137114
"09",1991,3302895,766304,2536591,2947130,654030,2293100,291762,93917,197845,7377,1986,5391,56626,16371,40255,224821,81221,143600
"09",1992,3300712,777264,2523448,2936159,661261,2274898,296477,96548,199929,7777,2135,5642,60299,17320,42979,232553,84371,148182
"09",1993,3309175,790749,2518426,2933031,670126,2262905,303637,100158,203479,8279,2338,5941,64228,18127,46101,242454,88529,153925
"09",1994,3316121,801231,2514890,2931497,677121,2254376,308487,102664,205823,8695,2520,6175,67442,18926,48516,251248,91575,159673
"09",1995,3324144,808623,2515521,2930121,681014,2249107,313387,104931,208456,9219,2766,6453,71417,19912,51505,260348,94879,165469
"09",1996,3336685,811855,2524830,2932966,681895,2251071,319188,106512,212676,9867,2951,6916,74664,20497,54167,271880,97884,173996
"09",1997,3349348,814373,2534975,2934597,681934,2252663,325427,107742,217685,10525,3180,7345,78799,21517,57282,283793,101493,182300
"09",1998,3365352,824600,2540752,2937632,687556,2250076,333828,110903,222925,11021,3339,7682,82871,22802,60069,294955,105884,189071
"09",1999,3386401,834654,2551747,2944775,692837,2251938,341801,114124,227677,11760,3581,8179,88065,24112,63953,308549,111139,197410
"09",2000,3411777,842242,2569535,2956812,696853,2259959,349054,116283,232771,12874,3981,8893,93037,25125,67912,323852,116911,206941
"09",2001,3432835,845850,2586985,2965228,697987,2267241,355440,117189,238251,13527,4157,9370,98640,26517,72123,338119,120464,217655
"09",2002,3458749,848877,2609872,2975939,697775,2278164,363022,118497,244525,14173,4361,9812,105615,28244,77371,353717,124870,228847
"09",2003,3484336,851115,2633221,2986138,696764,2289374,370417,119676,250741,15016,4681,10335,112765,29994,82771,369302,129348,239954
"09",2004,3496094,848979,2647115,2986255,692706,2293549,375875,120068,255807,15550,4861,10689,118414,31344,87070,382912,132882,250030
"09",2005,3506956,844034,2662922,2984742,686115,2298627,381552,120027,261525,16184,5043,11141,124478,32849,91629,396323,136035,260288
"09",2006,3517460,839372,2678088,2982114,679172,2302942,388120,120694,267426,16916,5240,11676,130310,34266,96044,412867,140521,272346
"09",2007,3527270,833484,2693786,2979313,671198,2308115,394640,121240,273400,17626,5420,12206,135691,35626,100065,429328,145618,283710
"09",2008,3545579,826626,2718953,2984016,662793,2321223,401643,121092,280551,18438,5680,12758,141482,37061,104421,446776,150128,296648
"09",2009,3561807,820839,2740968,2985844,653941,2331903,409897,122510,287387,19258,5803,13455,146808,38585,108223,465486,155860,309626
"09",2010,3579717,814576,2765141,2989399,644984,2344415,417515,123468,294047,20162,6197,13965,152641,39927,112714,482799,160832,321967
"09",2011,3589759,805611,2784148,2987478,635828,2351650,423163,122616,300547,20557,6179,14378,158561,40988,117573,498730,163943,334787
"09",2012,3593541,795067,2798474,2980222,625569,2354653,428217,121636,306581,21074,6219,14855,164028,41643,122385,512656,166713,345943
"09",2013,3597168,784543,2812625,2972137,614820,2357317,434896,121126,313770,21720,6297,15423,168415,42300,126115,526875,169177,357698
"09",2014,3594762,774818,2819944,2958859,604411,2354448,440128,121080,319048,22138,6355,15783,173637,42972,130665,540510,172021,368489
"09",2015,3590886,764059,2826827,2944009,593153,2350856,445929,121082,324847,22580,6345,16235,178368,43479,134889,553781,174443,379338
"10",1990,669567,165628,503939,543973,125767,418206,114248,36644,77604,2064,515,1549,9282,2702,6580,16031,5687,10344
"10",1991,683080,169910,513170,552204,128182,424022,118601,38388,80213,2161,531,1630,10114,2809,7305,17275,6129,11146
"10",1992,694925,174166,520759,558943,130476,428467,122479,39959,82520,2363,621,1742,11140,3110,8030,18386,6640,11746
"10",1993,706378,176916,529462,565786,131872,433914,126379,41218,85161,2501,679,1822,11712,3147,8565,19967,7263,12704
"10",1994,717545,180833,536712,571852,133926,437926,130516,42825,87691,2613,719,1894,12564,3363,9201,22000,8099,13901
"10",1995,729734,181735,547999,578532,133685,444847,135172,43886,91286,2680,719,1961,13350,3445,9905,24136,8762,15374
"10",1996,740977,184021,556956,584692,134589,450103,139519,45070,94449,2771,738,2033,13995,3624,10371,26339,9448,16891
"10",1997,751487,186607,564880,589356,135441,453915,144294,46492,97802,2895,772,2123,14942,3902,11040,28775,10351,18424
"10",1998,763335,189302,574033,595317,136548,458769,149003,47779,101224,3035,777,2258,15980,4198,11782,31514,11420,20094
"10",1999,774990,192510,582480,601213,137943,463270,153643,49343,104300,3103,798,2305,17031,4426,12605,34817,12738,22079
"10",2000,786373,194914,591459,606974,138759,468215,157960,50687,107273,3340,908,2432,18099,4560,13539,37834,13752,24082
"10",2001,795699,196038,599661,610442,138454,471988,162206,51624,110582,3695,991,2704,19356,4969,14387,40908,14845,26063
"10",2002,806169,196946,609223,615028,138035,476993,166583,52606,113977,3932,1077,2855,20626,5228,15398,44187,15995,28192
"10",2003,818003,198045,619958,620499,137715,482784,171022,53510,117512,4323,1179,3144,22159,5641,16518,47599,17339,30260
"10",2004,830803,199631,631172,626833,137643,489190,175605,54678,120927,4567,1283,3284,23798,6027,17771,51274,18790,32484
"10",2005,845150,201988,643162,633398,138014,495384,181480,56179,125301,4924,1390,3534,25348,6405,18943,55375,20333,35042
"10",2006,859268,203729,655539,640053,138167,501886,187148,57357,129791,5255,1526,3729,26812,6679,20133,59478,22014,37464
"10",2007,871749,205155,666594,645106,137795,507311,192615,58595,134020,5526,1604,3922,28502,7161,21341,63149,23457,39692
"10",2008,883874,206116,677758,650311,137255,513056,197813,59522,138291,5901,1763,4138,29849,7576,22273,66725,24733,41992
"10",2009,891730,206213,685517,652605,136039,516566,201775,60491,141284,6270,1848,4422,31080,7835,23245,70815,26271,44544
"10",2010,899791,205547,694244,655705,134884,520821,205572,60760,144812,6548,1953,4595,31966,7950,24016,73719,27224,46495
"10",2011,907916,204883,703033,659162,134229,524933,208691,60503,148188,6600,1891,4709,33463,8260,25203,76311,27923,48388
"10",2012,917099,204471,712628,663661,133786,529875,211718,60318,151400,6583,1841,4742,35137,8526,26611,78566,28610,49956
"10",2013,925353,203004,722349,667330,132562,534768,214650,59856,154794,6647,1811,4836,36726,8775,27951,80463,29014,51449
"10",2014,935968,203664,732304,672339,132502,539837,218442,60293,158149,6785,1847,4938,38402,9022,29380,82878,29684,53194
"10",2015,945934,204386,741548,677149,132732,544417,221986,60562,161424,6887,1906,4981,39912,9186,30726,85305,30384,54921
"11",1990,605321,112632,492689,191834,19603,172231,400254,91181,309073,1547,260,1287,11686,1588,10098,32878,7070,25808
"11",1991,600870,116825,484045,187385,20383,167002,398346,93586,304760,1606,275,1331,13533,2581,10952,34072,7673,26399
"11",1992,597565,118636,478929,185545,20898,164647,395240,94232,301008,1676,317,1359,15104,3189,11915,35488,8483,27005
"11",1993,595301,120471,474830,186393,21530,164863,391179,95258,295921,1772,356,1416,15957,3327,12630,37672,9377,28295
"11",1994,589239,122170,467069,187022,22306,164716,383970,96004,287966,1894,378,1516,16353,3482,12871,39596,10382,29214
"11",1995,580517,123620,456897,186961,22920,164041,375379,96965,278414,1899,382,1517,16278,3353,12925,40775,10997,29778
"11",1996,572377,121210,451167,187588,23080,164508,366852,94915,271937,1973,393,1580,15964,2822,13142,41670,11008,30662
"11",1997,567736,119531,448205,189676,23464,166212,360305,93092,267213,1920,367,1553,15835,2608,13227,42639,11191,31448
"11",1998,565230,113839,451391,191794,22555,169239,355305,88624,266681,2099,425,1674,16032,2235,13797,43497,11030,32467
"11",1999,570213,115002,455211,197359,23221,174138,354021,89112,264909,2191,456,1735,16642,2213,14429,44354,11322,33032
"11",2000,572046,114503,457543,198987,23180,175807,353464,88653,264811,2334,483,1851,17261,2187,15074,45266,11463,33803
"11",2001,574504,114625,459879,204684,24802,179882,349536,87058,262478,2474,500,1974,17810,2265,15545,46817,11809,35008
"11",2002,573158,113822,459336,206332,25246,181086,346080,85670,260410,2652,530,2122,18094,2376,15718,47054,11738,35316
"11",2003,568502,111403,457099,206505,24807,181698,340751,83708,257043,2733,539,2194,18513,2349,16164,47580,11666,35914
"11",2004,567754,109756,457998,210252,24641,185611,335297,82215,253082,2941,592,2349,19264,2308,16956,48243,11748,36495
"11",2005,567136,107187,459949,215554,24459,191095,329329,79790,249539,3088,626,2462,19165,2312,16853,48584,11520,37064
"11",2006,570681,105651,465030,221264,24397,196867,325064,78327,246737,3323,625,2698,21030,2302,18728,48522,11287,37235
"11",2007,574404,104126,470278,228646,24748,203898,321494,76300,245194,3510,700,2810,20754,2378,18376,48982,11240,37742
"11",2008,580236,102257,477979,235420,25308,210112,318392,73845,244547,3690,749,2941,22734,2355,20379,50446,11507,38939
"11",2009,592228,102098,490130,247187,26669,220518,317978,72104,245874,4035,800,3235,23028,2525,20503,53621,12072,41549
"11",2010,605126,101275,503851,257901,27592,230309,318276,70258,248018,4019,824,3195,24930,2601,22329,55880,12394,43486
"11",2011,620472,103972,516500,268338,29752,238586,321786,70408,251378,4155,829,3326,26193,2983,23210,59886,13610,46276
"11",2012,635342,107717,527625,278234,32049,246185,325210,71365,253845,4265,851,3414,27633,3452,24181,63146,14854,48292
"11",2013,649540,111677,537863,286347,34264,252083,329653,72642,257011,4535,1035,3500,29005,3736,25269,66209,15973,50236
"11",2014,659836,115233,544603,293290,36883,256407,331696,73255,258441,4567,1076,3491,30283,4019,26264,68646,16916,51730
"11",2015,672228,118107,554121,301687,39380,262307,333883,73317,260566,4583,1094,3489,32075,4316,27759,71128,17575,53553
"12",1990,13033307,2988807,10044500,11042189,2289869,8752320,1794796,642703,1152093,37187,10129,27058,159135,46106,113029,1597237,409137,1188100
"12",1991,13369798,3045638,10324160,11293007,2325087,8967920,1863284,661436,1201848,39832,10807,29025,173675,48308,125367,1679470,428047,1251423
"12",1992,13650553,3120439,10530114,11487566,2372823,9114743,1933726,685186,1248540,42022,11487,30535,187239,50943,136296,1757047,451495,1305552
"12",1993,13927185,3214066,10713119,11681123,2436063,9245060,1998531,711222,1287309,44469,12338,32131,203062,54443,148619,1841312,477634,1363678
"12",1994,14239444,3299887,10939557,11903819,2492662,9411157,2070713,736416,1334297,46691,12996,33695,218221,57813,160408,1941282,506025,1435257
"12",1995,14537875,3366468,11171407,12115958,2537595,9578363,2137543,753570,1383973,49266,13683,35583,235108,61620,173488,2057533,535466,1522067
"12",1996,14853360,3431695,11421665,12343633,2581365,9762268,2206135,770886,1435249,51939,14257,37682,251653,65187,186466,2184639,564666,1619973
"12",1997,15186304,3502269,11684035,12579180,2628393,9950787,2282637,789639,1492998,55175,15003,40172,269312,69234,200078,2304247,599043,1705204
"12",1998,15486559,3557561,11928998,12792124,2664284,10127840,2351227,804520,1546707,58007,15708,42299,285201,73049,212152,2421324,632374,1788950
"12",1999,15759421,3611711,12147710,12978723,2700575,10278148,2419083,818615,1600468,60913,16579,44334,300702,75942,224760,2560195,670760,1889435
"12",2000,16047515,3654880,12392635,13181468,2729685,10451783,2480129,828200,1651929,66007,17781,48226,319911,79214,240697,2717081,710382,2006699
"12",2001,16356966,3714439,12642527,13392855,2765858,10626997,2553214,845160,1708054,70444,19778,50666,340453,83643,256810,2861659,748918,2112741
"12",2002,16689370,3774624,12914746,13623576,2804269,10819307,2627531,860377,1767154,74505,21277,53228,363758,88701,275057,3013530,788289,2225241
"12",2003,17004085,3820876,13183209,13838602,2832401,11006201,2700143,872435,1827708,78291,22547,55744,387049,93493,293556,3160322,825599,2334723
"12",2004,17415318,3890734,13524584,14131892,2878228,11253664,2786446,889384,1897062,81982,23370,58612,414998,99752,315246,3331269,872661,2458608
"12",2005,17842038,3968178,13873860,14428647,2923700,11504947,2881786,912573,1969213,85745,23991,61754,445860,107914,337946,3524067,929239,2594828
"12",2006,18166990,4022912,14144078,14634243,2952353,11681890,2969250,930913,2038337,89957,25265,64692,473540,114381,359159,3713980,984638,2729342
"12",2007,18367842,4031098,14336744,14750985,2950652,11800333,3029024,935914,2093110,93162,25938,67224,494671,118594,376077,3872136,1028457,2843679
"12",2008,18527305,4018372,14508933,14832937,2930960,11901977,3086395,939313,2147082,95642,26113,69529,512331,121986,390345,4009162,1059637,2949525
"12",2009,18652644,3997283,14655361,14894191,2909097,11985094,3133488,937532,2195956,97488,26203,71285,527477,124451,403026,4124307,1081868,3042439
"12",2010,18849890,3997800,14852090,15017612,2906661,12110951,3188289,937477,2250812,99688,26386,73302,544301,127276,417025,4252776,1108220,3144556
"12",2011,19105533,4003686,15101847,15167951,2905328,12262623,3269229,942853,2326376,102445,26099,76346,565908,129406,436502,4387026,1129073,3257953
"12",2012,19352021,4014007,15338014,15323774,2908274,12415500,3336551,948106,2388445,104954,25971,78983,586742,131656,455086,4507801,1149659,3358142
"12",2013,19594467,4028088,15566379,15487281,2912515,12574766,3392686,955370,2437316,106532,25811,80721,607968,134392,473576,4645673,1170066,3475607
"12",2014,19905569,4057230,15848339,15704943,2929420,12775523,3459248,963612,2495636,109227,26213,83014,632151,137985,494166,4799378,1196034,3603344
"12",2015,20271272,4105129,16166143,15971454,2962448,13009006,3528984,973309,2555675,112647,26948,85699,658187,142424,515763,4964077,1226318,3737759
"13",1990,6512602,1747363,4765239,4659378,1131972,3527406,1763068,589040,1174028,12817,3290,9527,77339,23061,54278,109286,32967,76319
"13",1991,6653005,1773675,4879330,4739754,1142544,3597210,1815668,603218,1212450,13123,3348,9775,84460,24565,59895,122962,37233,85729
"13",1992,6817203,1817781,4999422,4835711,1164245,3671466,1874193,622982,1251211,13925,3573,10352,93374,26981,66393,139946,43168,96778
"13",1993,6978240,1865021,5113219,4924005,1185767,3738238,1936471,646166,1290305,14753,3853,10900,103011,29235,73776,157845,48816,109029
"13",1994,7157165,1906539,5250626,5023106,1204168,3818938,2004326,666123,1338203,15472,4076,11396,114261,32172,82089,179827,55524,124303
"13",1995,7328413,1949818,5378595,5118945,1226213,3892732,2066958,684295,1382663,16413,4377,12036,126097,34933,91164,211332,65847,145485
"13",1996,7501069,1993171,5507898,5213151,1248760,3964391,2132804,702357,1430447,17680,4721,12959,137434,37333,100101,246417,76575,169842
"13",1997,7685099,2034163,5650936,5314122,1270026,4044096,2202649,718740,1483909,18588,4932,13656,149740,40465,109275,290169,90297,199872
"13",1998,7863536,2078998,5784538,5408633,1294133,4114500,2271997,735544,1536453,20053,5388,14665,162853,43933,118920,330160,102883,227277
"13",1999,8045965,2130697,5915268,5503608,1323039,4180569,2343624,754951,1588673,21483,5719,15764,177250,46988,130262,380298,118876,261422
"13",2000,8227303,2176576,6050727,5594789,1346330,4248459,2410079,772071,1638008,26542,7200,19342,195893,50975,144918,441576,137635,303941
"13",2001,8377038,2215390,6161648,5668444,1366859,4301585,2468186,785444,1682742,29086,8167,20919,211322,54920,156402,484128,155401,328727
"13",2002,8508256,2249784,6258472,5727405,1383823,4343582,2522522,797955,1724567,31629,9045,22584,226700,58961,167739,523285,172282,351003
"13",2003,8622793,2278710,6344083,5776586,1396964,4379622,2571491,809133,1762358,33967,9949,24018,240749,62664,178085,560133,189007,371126
"13",2004,8769252,2308855,6460397,5841377,1410054,4431323,2635336,821483,1813853,36528,10609,25919,256011,66709,189302,602574,207006,395568
"13",2005,8925922,2353604,6572318,5911406,1431461,4479945,2702396,838796,1863600,39047,11546,27501,273073,71801,201272,646959,227750,419209
"13",2006,9155813,2406014,6749799,6014480,1453784,4560696,2805927,862433,1943494,42276,12680,29596,293130,77117,216013,699663,250667,448996
"13",2007,9349988,2456249,6893739,6101972,1478229,4623743,2891925,881976,2009949,45109,13534,31575,310982,82510,228472,751168,272951,478217
"13",2008,9504843,2479097,7025746,6165916,1485105,4680811,2962628,891752,2070876,48540,15012,33528,327759,87228,240531,795001,292641,502360
"13",2009,9620846,2485781,7135065,6204180,1479965,4724215,3023009,898935,2124074,51638,16298,35340,342019,90583,251436,830405,305848,524557
"13",2010,9713454,2489907,7223547,6232991,1475767,4757224,3070316,903721,2166595,54008,16996,37012,356139,93423,262716,858643,317290,541353
"13",2011,9812280,2488471,7323809,6266081,1471955,4794126,3119907,902728,2217179,54688,16990,37698,371604,96798,274806,881133,326805,554328
"13",2012,9917639,2486906,7430733,6307371,1467804,4839567,3165903,901541,2264362,55628,17126,38502,388737,100435,288302,899173,332401,566772
"13",2013,9991562,2486148,7505414,6322948,1463561,4859387,3207061,901478,2305583,56010,17043,38967,405543,104066,301477,911495,338020,573475
"13",2014,10097132,2493045,7604087,6354440,1459880,4894560,3261178,908205,2352973,56774,17227,39547,424740,107733,317007,932643,344823,587820
"13",2015,10214860,2504172,7710688,6392399,1459150,4933249,3320419,916152,2404267,57450,17408,40042,444592,111462,333130,955434,351483,603951
"15",1990,1113491,280139,833352,315600,64106,251494,27844,8638,19206,5407,1633,3774,764640,205762,558878,80730,30754,49976
"15",1991,1136754,288037,848717,329645,67195,262450,29892,9434,20458,5368,1590,3778,771849,209818,562031,83214,31898,51316
"15",1992,1158613,295291,863322,332655,67845,264810,32746,10676,22070,5379,1612,3767,787833,215158,572675,84812,32835,51977
"15",1993,1172838,301668,871170,325436,66706,258730,32613,10872,21741,5346,1566,3780,809443,222524,586919,84958,33167,51791
"15",1994,1187536,307754,879782,316937,65259,251678,33375,11386,21989,5227,1487,3740,831997,229622,602375,85195,33634,51561
"15",1995,1196854,310545,886309,306850,63179,243671,33451,11544,21907,5128,1412,3716,851425,234410,617015,84795,33847,50948
"15",1996,1203755,311482,892273,296143,60549,235594,33121,11578,21543,5069,1319,3750,869422,238036,631386,84858,33862,50996
"15",1997,1211640,309714,901926,291255,57854,233401,32799,11250,21549,5150,1275,3875,882436,239335,643101,85642,34165,51477
"15",1998,1215233,304845,910388,293379,55076,238303,32631,11175,21456,5032,1180,3852,884191,237414,646777,85194,33701,51493
"15",1999,1210300,299886,910414,295373,52933,242440,31161,10736,20425,4677,1097,3580,879089,235120,643969,84133,33647,50486
"15",2000,1213519,295352,918167,294857,48954,245903,30408,10265,20143,4294,966,3328,883960,235167,648793,84438,33498,50940
"15",2001,1225948,294133,931815,298519,48382,250137,32533,10869,21664,4733,1167,3566,890163,233715,656448,87571,34265,53306
"15",2002,1239613,293600,946013,302275,47909,254366,33918,11216,22702,5024,1268,3756,898396,233207,665189,90898,35293,55605
"15",2003,1251154,294519,956635,305468,47691,257777,33385,11297,22088,5207,1295,3912,907094,234236,672858,93557,36103,57454
"15",2004,1273569,298103,975466,311281,47906,263375,32914,11320,21594,5369,1295,4074,924005,237582,686423,97396,37442,59954
"15",2005,1292729,298497,994232,316809,47579,269230,33769,11154,22615,5557,1303,4254,936594,238461,698133,100577,38284,62293
"15",2006,1309731,299313,1010418,321659,47342,274317,33889,11000,22889,5794,1314,4480,948389,239657,708732,104164,39556,64608
"15",2007,1315675,300207,1015468,323609,47144,276465,32822,10819,22003,5728,1273,4455,953516,240971,712545,107249,40960,66289
"15",2008,1332213,301094,1031119,328485,46964,281521,33067,10680,22387,5844,1249,4595,964817,242201,722616,111331,42059,69272
"15",2009,1346717,302796,1043921,332613,46871,285742,33296,10645,22651,5974,1259,4715,974834,244021,730813,115003,42916,72087
"15",2010,1363980,303859,1060121,337751,46617,291134,34391,10792,23599,6172,1257,4915,985666,245193,740473,117970,43540,74430
"15",2011,1378227,305644,1072583,342296,46565,295731,38229,11781,26448,6508,1412,5096,991194,245886,745308,123331,46013,77318
"15",2012,1392641,306767,1085874,347154,46386,300768,41432,12390,29042,6808,1459,5349,997247,246532,750715,128535,48182,80353
"15",2013,1408765,308769,1099996,352467,46359,306108,44387,12848,31539,7110,1570,5540,1004801,247992,756809,133971,50371,83600
"15",2014,1420257,309205,1111052,356823,46075,310748,46662,13118,33544,7313,1578,5735,1009459,248434,761025,137745,51415,86330
"15",2015,1431603,310833,1120770,360735,45937,314798,49249,13511,35738,7402,1600,5802,1014217,249785,764432,140987,51961,89026
"16",1990,1012384,313373,699011,985151,303523,681628,3330,1269,2061,14568,5572,8996,9335,3009,6326,52914,22647,30267
"16",1991,1041316,316732,724584,1013172,306774,706398,3739,1458,2281,14746,5509,9237,9659,2991,6668,56398,23871,32527
"16",1992,1071685,324972,746713,1042395,314639,727756,4075,1602,2473,15092,5660,9432,10123,3071,7052,61025,25856,35169
"16",1993,1108768,333838,774930,1077939,323179,754760,4634,1803,2831,15623,5733,9890,10572,3123,7449,65795,27981,37814
"16",1994,1145140,344242,800898,1113457,333220,780237,4826,1876,2950,15932,5903,10029,10925,3243,7682,70956,30253,40703
"16",1995,1177322,349248,828074,1144059,337678,806381,5253,2141,3112,16418,6015,10403,11592,3414,8178,75780,32136,43644
"16",1996,1203083,353824,849259,1168649,341923,826726,5366,2164,3202,16947,6210,10737,12121,3527,8594,80536,34065,46471
"16",1997,1228520,357779,870741,1192537,345414,847123,5388,2189,3199,17840,6499,11341,12755,3677,9078,85593,36306,49287
"16",1998,1252330,362189,890141,1214339,349183,865156,5907,2480,3427,18637,6704,11933,13447,3822,9625,90896,38525,52371
"16",1999,1275674,366689,908985,1236009,353090,882919,6243,2677,3566,19325,7008,12317,14097,3914,10183,96258,40907,55351
"16",2000,1299430,370430,929000,1255601,355547,900054,7683,3295,4388,20681,7421,13260,15465,4167,11298,103038,43455,59583
"16",2001,1319962,373145,946817,1273704,357451,916253,8553,3744,4809,21349,7612,13737,16356,4338,12018,109067,45631,63436
"16",2002,1340372,375986,964386,1291938,359537,932401,9279,4131,5148,22053,7789,14264,17102,4529,12573,114838,47697,67141
"16",2003,1363380,379241,984139,1312571,362159,950412,9994,4503,5491,22713,7856,14857,18102,4723,13379,120694,49768,70926
"16",2004,1391802,384692,1007110,1338380,366802,971578,10823,4827,5996,23461,8086,15375,19138,4977,14161,127308,52453,74855
"16",2005,1428241,394651,1033590,1371294,375414,995880,11770,5317,6453,24664,8532,16132,20513,5388,15125,135345,55978,79367
"16",2006,1468669,404753,1063916,1408456,384319,1024137,12702,5824,6878,25683,8838,16845,21828,5772,16056,145495,60508,84987
"16",2007,1505105,415024,1090081,1441249,393169,1048080,13628,6230,7398,26818,9283,17535,23410,6342,17068,155222,64746,90476
"16",2008,1534320,422347,1111973,1467743,399462,1068281,14244,6529,7715,28001,9705,18296,24332,6651,17681,163856,68626,95230
"16",2009,1554439,426076,1128363,1485165,402552,1082613,15054,6693,8361,28928,9892,19036,25292,6939,18353,170818,71223,99595
"16",2010,1570986,429271,1141715,1499666,404934,1094732,15380,6886,8494,29971,10218,19753,25969,7233,18736,177083,73513,103570
"16",2011,1584134,428710,1155424,1510304,403742,1106562,16252,7136,9116,30675,10446,20229,26903,7386,19517,181763,74484,107279
"16",2012,1596097,427663,1168434,1519913,401999,1117914,16898,7390,9508,31255,10653,20602,28031,7621,20410,185892,75099,110793
"16",2013,1612785,428577,1184208,1533806,402058,1131748,17879,7788,10091,32023,10896,21127,29077,7835,21242,191175,76211,114964
"16",2014,1634806,430918,1203888,1552937,403666,1149271,18664,7939,10725,32655,11038,21617,30550,8275,22275,196734,77353,119381
"16",2015,1654930,432837,1222093,1570040,404769,1165271,19519,8230,11289,33410,11170,22240,31961,8668,23293,202430,78453,123977
"17",1990,11453316,2940837,8512479,9422280,2289292,7132988,1711998,560765,1151233,23384,6833,16551,295654,83947,211707,911704,331423,580281
"17",1991,11568964,2988715,8580249,9493689,2322685,7171004,1739538,572709,1166829,24707,7305,17402,311030,86016,225014,956647,345996,610651
"17",1992,11694184,3033427,8660757,9570091,2351509,7218582,1770909,585125,1185784,26019,7871,18148,327165,88922,238243,1007281,365780,641501
"17",1993,11809579,3066541,8743038,9636598,2368222,7268376,1801467,598110,1203357,27515,8442,19073,343999,91767,252232,1062336,384731,677605
"17",1994,11912585,3110938,8801647,9696781,2396518,7300263,1826784,610511,1216273,28988,8963,20025,360032,94946,265086,1121887,406692,715195
"17",1995,12008437,3152984,8855453,9752800,2425344,7327456,1849927,620212,1229715,30524,9475,21049,375186,97953,277233,1182656,429483,753173
"17",1996,12101997,3192916,8909081,9808634,2452571,7356063,1868813,628178,1240635,32570,10263,22307,391980,101904,290076,1249496,454280,795216
"17",1997,12185715,3222114,8963601,9855714,2472319,7383395,1887497,633387,1254110,34486,10957,23529,408018,105451,302567,1318069,480834,837235
"17",1998,12271847,3225252,9046595,9905512,2471500,7434012,1903979,633356,1270623,36942,11685,25257,425414,108711,316703,1392413,505078,887335
"17",1999,12359020,3240034,9118986,9951765,2479364,7472401,1923260,637014,1286246,39586,12639,26947,444409,111017,333392,1468062,531267,936795
"17",2000,12434161,3244944,9189217,9987835,2479851,7507984,1936532,637162,1299370,44175,14156,30019,465619,113775,351844,1544165,556754,987411
"17",2001,12488445,3243617,9244828,10015499,2476707,7538792,1940249,634142,1306107,47869,15134,32735,484828,117634,367194,1601533,575751,1025782
"17",2002,12525556,3238362,9287194,10028334,2470060,7558274,1942243,630807,1311436,51366,16244,35122,503613,121251,382362,1653300,593781,1059519
"17",2003,12556006,3225547,9330459,10037309,2458344,7578965,1942340,624670,1317670,55196,17398,37798,521161,125135,396026,1701923,610922,1091001
"17",2004,12589773,3211599,9378174,10047833,2445193,7602640,1944473,619062,1325411,59253,18563,40690,538214,128781,409433,1747272,627538,1119734
"17",2005,12609903,3197318,9412585,10046377,2431607,7614770,1944853,613132,1331721,63271,19842,43429,555402,132737,422665,1792149,642919,1149230
"17",2006,12643955,3181246,9462709,10054436,2416176,7638260,1947836,607130,1340706,67580,21252,46328,574103,136688,437415,1840227,658820,1181407
"17",2007,12695866,3170134,9525732,10078343,2405384,7672959,1951157,600789,1350368,72021,22862,49159,594345,141099,453246,1889627,677105,1212522
"17",2008,12747038,3153401,9593637,10102663,2389633,7713030,1955231,594035,1361196,76818,24467,52351,612326,145266,467060,1941348,694467,1246881
"17",2009,12796778,3138406,9658372,10123738,2374635,7749103,1960826,587471,1373355,82361,26831,55530,629853,149469,480384,1990555,710923,1279632
"17",2010,12841249,3123288,9717961,10141276,2361604,7779672,1967057,579929,1387128,86580,28274,58306,646336,153481,492855,2034898,724453,1310445
"17",2011,12861882,3090964,9770918,10143953,2341091,7802862,1966432,565897,1400535,86424,27522,58902,665073,156454,508619,2067755,726955,1340800
"17",2012,12875167,3057578,9817589,10136135,2317884,7818251,1966470,553133,1413337,86880,26748,60132,685682,159813,525869,2097098,727840,1369258
"17",2013,12889580,3022991,9866589,10126269,2291664,7834605,1967776,542156,1425620,86983,25868,61115,708552,163303,545249,2124414,726762,1397652
"17",2014,12882189,2990748,9891441,10098857,2265696,7833161,1965527,532968,1432559,87631,25677,61954,730174,166407,563767,2150750,725726,1425024
"17",2015,12859995,2958673,9901322,10058772,2240325,7818447,1962578,523766,1438812,88619,25752,62867,750026,168830,581196,2175116,724325,1450791
"18",1990,5557798,1437209,4120589,5072268,1279677,3792591,435339,143901,291438,12202,3508,8694,37989,10123,27866,98601,35976,62625
"18",1991,5616388,1450759,4165629,5119811,1289803,3830008,444543,147071,297472,12412,3620,8792,39622,10265,29357,102839,37171,65668
"18",1992,5674547,1461650,4212897,5164631,1296459,3868172,455577,150980,304597,12756,3675,9081,41583,10536,31047,108427,38984,69443
"18",1993,5739019,1473007,4266012,5215578,1303805,3911773,466171,154435,311736,13146,3736,9410,44124,11031,33093,115591,41001,74590
"18",1994,5793526,1491802,4301724,5256541,1317460,3939081,476804,158845,317959,13639,3894,9745,46542,11603,34939,123615,43676,79939
"18",1995,5851459,1507916,4343543,5301156,1329349,3971807,486870,162287,324583,13961,3989,9972,49472,12291,37181,134940,47863,87077
"18",1996,5906013,1517961,4388052,5343204,1336067,4007137,495311,164700,330611,14722,4146,10576,52776,13048,39728,147262,51783,95479
"18",1997,5955267,1539270,4415997,5377922,1351565,4026357,506723,169514,337209,15282,4332,10950,55340,13859,41481,162178,57540,104638
"18",1998,5998880,1551960,4446920,5408365,1359613,4048752,516404,172986,343418,16123,4585,11538,57988,14776,43212,179008,63535,115473
"18",1999,6044969,1566079,4478890,5439927,1368893,4071034,525171,176620,348551,17099,4830,12269,62772,15736,47036,196995,70254,126741
"18",2000,6091866,1574989,4516877,5467894,1372019,4095875,535729,180296,355433,19423,5598,13825,68820,17076,51744,217326,77099,140227
"18",2001,6127760,1579527,4548233,5488228,1371084,4117144,545974,184123,361851,20272,5872,14400,73286,18448,54838,234469,84247,150222
"18",2002,6155967,1580814,4575153,5501795,1367338,4134457,555017,187553,367464,21238,6159,15079,77917,19764,58153,249409,90392,159017
"18",2003,6196638,1582560,4614078,5526320,1364195,4162125,565411,190852,374559,21975,6403,15572,82932,21110,61822,266236,97718,168518
"18",2004,6233007,1586281,4646726,5546480,1362833,4183647,575734,194351,381383,22851,6625,16226,87942,22472,65470,283216,105626,177590
"18",2005,6278616,1593898,4684718,5574542,1364476,4210066,586943,198404,388539,23684,6902,16782,93447,24116,69331,303357,114965,188392
"18",2006,6332669,1603107,4729562,5608431,1367185,4241246,600368,202868,397500,24852,7233,17619,99018,25821,73197,324357,124941,199416
"18",2007,6379599,1609494,4770105,5637322,1368154,4269168,612333,206300,406033,25791,7501,18290,104153,27539,76614,343653,133975,209678
"18",2008,6424806,1611494,4813312,5664810,1365594,4299216,624185,208968,415217,26987,7900,19087,108824,29032,79792,361715,142116,219599
"18",2009,6459325,1609704,4849621,5681764,1358936,4322828,635234,211882,423352,28112,8406,19706,114215,30480,83735,377857,149450,228407
"18",2010,6490590,1606128,4884462,5696592,1352048,4344544,645725,213472,432253,28937,8690,20247,119336,31918,87418,391742,154978,236764
"18",2011,6516845,1598424,4918421,5708067,1342962,4365105,653512,213582,439930,29426,8613,20813,125840,33267,92573,401949,158115,243834
"18",2012,6538283,1589382,4948901,5715035,1332756,4382279,660690,213283,447407,29896,8622,21274,132662,34721,97941,410939,160267,250672
"18",2013,6570518,1585906,4984612,5728805,1326310,4402495,670328,214374,455954,30491,8611,21880,140894,36611,104283,421786,163237,258549
"18",2014,6597880,1582360,5015520,5739464,1319860,4419604,678526,215365,463161,31029,8731,22298,148861,38404,110457,431989,165820,266169
"18",2015,6619680,1579456,5040224,5745559,1314418,4431141,685966,216217,469749,31616,8845,22771,156539,39976,116563,441909,167999,273910
"19",1990,2781018,719366,2061652,2700752,690274,2010478,48262,17961,30301,6921,2657,4264,25083,8474,16609,31923,12626,19297
"19",1991,2797613,724446,2073167,2713759,694221,2019538,50139,18826,31313,7092,2690,4402,26623,8709,17914,35066,13994,21072
"19",1992,2818401,724798,2093603,2730846,693475,2037371,52209,19634,32575,7150,2689,4461,28196,9000,19196,36511,14322,22189
"19",1993,2836972,727751,2109221,2745519,695243,2050276,54181,20369,33812,7290,2684,4606,29982,9455,20527,39710,15620,24090
"19",1994,2850746,728397,2122349,2755709,694549,2061160,56139,21390,34749,7528,2781,4747,31370,9677,21693,43389,17123,26266
"19",1995,2867373,726961,2140412,2769003,692212,2076791,57654,21984,35670,7691,2797,4894,33025,9968,23057,47637,18777,28860
"19",1996,2880000,729177,2150823,2778447,693210,2085237,59519,22881,36638,7870,2930,4940,34164,10156,24008,52768,20634,32134
"19",1997,2891119,729806,2161313,2786925,692826,2094099,61087,23536,37551,8110,3056,5054,34997,10388,24609,57331,22483,34848
"19",1998,2902872,729943,2172929,2795851,691622,2104229,63173,24523,38650,8282,3113,5169,35566,10685,24881,63709,25126,38583
"19",1999,2917634,732671,2184963,2806468,692892,2113576,65291,25530,39761,8532,3180,5352,37343,11069,26274,71985,28727,43258
"19",2000,2929067,733337,2195730,2807230,689756,2117474,70592,27993,42599,10382,3787,6595,40863,11801,29062,83414,33075,50339
"19",2001,2931997,728601,2203396,2805838,683379,2122459,73183,29148,44035,10898,3991,6907,42078,12083,29995,90470,35922,54548
"19",2002,2934234,723685,2210549,2803526,676771,2126755,75770,30380,45390,11386,4183,7203,43552,12351,31201,96786,38669,58117
"19",2003,2941999,720102,2221897,2806004,671290,2134714,78647,31720,46927,11815,4368,7447,45533,12724,32809,103031,41337,61694
"19",2004,2953635,718708,2234927,2812023,668013,2144010,81906,33134,48772,12318,4472,7846,47388,13089,34299,109772,44310,65462
"19",2005,2964454,718488,2245966,2816975,665513,2151462,85616,34901,50715,12699,4668,8031,49164,13406,35758,116416,47435,68981
"19",2006,2982644,721703,2260941,2828308,666012,2162296,90031,36982,53049,13243,4790,8453,51062,13919,37143,123714,50917,72797
"19",2007,2999212,723632,2275580,2837532,665019,2172513,94830,39139,55691,13910,5055,8855,52940,14419,38521,131042,54474,76568
"19",2008,3016734,725658,2291076,2847918,664435,2183483,99622,41167,58455,14455,5280,9175,54739,14776,39963,137819,57401,80418
"19",2009,3032870,726969,2305901,2856456,663646,2192810,104045,42476,61569,15048,5358,9690,57321,15489,41832,146041,60971,85070
"19",2010,3050694,728071,2322623,2865936,662606,2203330,108516,43651,64865,15503,5539,9964,60739,16275,44464,152967,63796,89171
"19",2011,3065389,725949,2339440,2872933,658562,2214371,112018,44475,67543,16023,5802,10221,64415,17110,47305,158284,65401,92883
"19",2012,3076636,724593,2352043,2876346,654910,2221436,115385,45398,69987,16462,6048,10414,68443,18237,50206,163311,67002,96309
"19",2013,3092224,725586,2366638,2881909,652932,2228977,120657,46924,73733,17124,6340,10784,72534,19390,53144,168761,68730,100031
"19",2014,3109481,727493,2381988,2889459,652204,2237255,125650,48505,77145,17433,6334,11099,76939,20450,56489,173588,69855,103733
"19",2015,3123899,728796,2395103,2895570,651866,2243704,129926,49392,80534,17737,6285,11452,80666,21253,59413,178620,71050,107570
"20",1990,2481349,662641,1818708,2282199,595214,1686985,144681,49595,95086,22457,7578,14879,32012,10254,21758,93332,36504,56828
"20",1991,2498722,672033,1826689,2296154,602930,1693224,146550,50719,95831,22664,7758,14906,33354,10626,22728,98510,38384,60126
"20",1992,2532394,680871,1851523,2322111,609194,1712917,151693,52776,98917,23313,7924,15389,35277,10977,24300,105513,41314,64199
"20",1993,2556547,687262,1869285,2342874,614379,1728495,153165,53672,99493,23741,8137,15604,36767,11074,25693,112669,44107,68562
"20",1994,2580513,693673,1886840,2361400,618622,1742778,155163,54813,100350,24666,8532,16134,39284,11706,27578,120673,47061,73612
"20",1995,2601007,694124,1906883,2377804,618066,1759738,156575,55174,101401,25289,8647,16642,41339,12237,29102,129669,50462,79207
"20",1996,2614554,696298,1918256,2388493,619768,1768725,157016,55067,101949,25999,8766,17233,43046,12697,30349,138865,53868,84997
"20",1997,2635292,704001,1931291,2405233,625949,1779284,158557,56023,102534,26599,8909,17690,44903,13120,31783,150022,58945,91077
"20",1998,2660598,710402,1950196,2423613,630040,1793573,162176,57305,104871,27500,9252,18248,47309,13805,33504,162249,63831,98418
"20",1999,2678338,713022,1965316,2435163,630986,1804177,164954,58237,106717,28531,9639,18892,49690,14160,35530,174731,68808,105923
"20",2000,2693681,713887,1979794,2441127,629453,1811674,168056,59233,108823,30885,10331,20554,53613,14870,38743,190633,74851,115782
"20",2001,2702162,710923,1991239,2444755,625650,1819105,169671,59361,110310,31627,10515,21112,56109,15397,40712,200720,78852,121868
"20",2002,2713535,709416,2004119,2450143,622696,1827447,171790,59955,111835,32562,10786,21776,59040,15979,43061,210500,82597,127903
"20",2003,2723004,707847,2015157,2454735,619584,1835151,173096,60519,112577,33351,10988,22363,61822,16756,45066,220354,86714,133640
"20",2004,2734373,705456,2028917,2460978,616189,1844789,175310,60747,114563,34199,11231,22968,63886,17289,46597,230124,90573,139551
"20",2005,2745299,704689,2040610,2467205,614320,1852885,176749,61047,115702,35217,11553,23664,66128,17769,48359,240651,95380,145271
"20",2006,2762931,705277,2057654,2478392,613328,1865064,180509,62006,118503,36071,11740,24331,67959,18203,49756,251627,100220,151407
"20",2007,2783785,711005,2072780,2492659,616566,1876093,183812,63344,120468,36902,12053,24849,70412,19042,51370,263655,106160,157495
"20",2008,2808076,714689,2093387,2508363,617760,1890603,188485,64504,123981,38037,12512,25525,73191,19913,53278,276744,112069,164675
"20",2009,2832704,721841,2110863,2525097,621631,1903466,192058,66107,125951,39620,13129,26491,75929,20974,54955,289553,118041,171512
"20",2010,2858824,727565,2131259,2542577,625027,1917550,196662,67278,129384,40702,13423,27279,78883,21837,57046,302268,122940,179328
"20",2011,2869917,726671,2143246,2548210,623866,1924344,199128,67303,131825,41069,13337,27732,81510,22165,59345,309403,125050,184353
"20",2012,2886281,726573,2159708,2557374,623023,1934351,202813,67575,135238,41506,13300,28206,84588,22675,61913,317226,127002,190224
"20",2013,2894630,724186,2170444,2560312,620285,1940027,204775,67600,137175,41854,13188,28666,87689,23113,64576,323377,128384,194993
"20",2014,2902507,721621,2180886,2562394,617142,1945252,206764,67753,139011,42263,13130,29133,91086,23596,67490,330089,129693,200396
"20",2015,2911641,719557,2192084,2564958,614032,1950926,209415,68117,141298,42729,13158,29571,94539,24250,70289,336594,130571,206023
"21",1990,3694048,945951,2748097,3407136,856406,2550730,264471,83187,181284,4907,1164,3743,17534,5194,12340,21180,6779,14401
"21",1991,3722328,951512,2770816,3431875,860719,2571156,267149,84421,182728,4817,1092,3725,18487,5280,13207,21912,7018,14894
"21",1992,3765469,963861,2801608,3469370,870554,2598816,271847,86807,185040,4883,1122,3761,19369,5378,13991,23119,7648,15471
"21",1993,3812206,971134,2841072,3510765,876541,2634224,275311,87665,187646,5138,1176,3962,20992,5752,15240,25787,8317,17470
"21",1994,3849088,981439,2867649,3541719,884894,2656825,279676,89196,190480,5338,1234,4104,22355,6115,16240,27575,8883,18692
"21",1995,3887427,984486,2902941,3574354,886359,2687995,283800,90335,193465,5545,1323,4222,23728,6469,17259,29812,9608,20204
"21",1996,3919535,987062,2932473,3600023,886869,2713154,287875,91813,196062,6029,1472,4557,25608,6908,18700,33723,11028,22695
"21",1997,3952747,1002609,2950138,3626605,899736,2726869,292820,93966,198854,6288,1561,4727,27034,7346,19688,37839,12506,25333
"21",1998,3985390,997297,2988093,3651883,893374,2758509,298150,94650,203500,6528,1566,4962,28829,7707,21122,43546,14449,29097
"21",1999,4018053,996382,3021671,3676835,890560,2786275,303644,96076,207568,6917,1733,5184,30657,8013,22644,50110,16366,33744
"21",2000,4049021,994984,3054037,3695886,886948,2808938,309072,96855,212217,9426,2316,7110,34637,8865,25772,60730,19080,41650
"21",2001,4068132,994105,3074027,3707359,884049,2823310,314168,98139,216029,9844,2437,7407,36761,9480,27281,67160,21497,45663
"21",2002,4089875,995251,3094624,3722159,883159,2839000,318571,99402,219169,10073,2481,7592,39072,10209,28863,73197,24006,49191
"21",2003,4117170,998485,3118685,3743343,884386,2858957,322254,100630,221624,10228,2467,7761,41345,11002,30343,80016,27188,52828
"21",2004,4146101,998459,3147642,3763011,882747,2880264,328546,101400,227146,10673,2565,8108,43871,11747,32124,87207,30107,57100
"21",2005,4182742,1004020,3178722,3790752,885679,2905073,334402,103080,231322,10999,2676,8323,46589,12585,34004,95238,33575,61663
"21",2006,4219239,1011295,3207944,3819323,890292,2929031,339736,104903,234833,11268,2769,8499,48912,13331,35581,102180,37143,65037
"21",2007,4256672,1016288,3240384,3846623,892695,2953928,347061,106557,240504,11737,2839,8898,51251,14197,37054,110919,40721,70198
"21",2008,4289878,1022001,3267877,3872310,895426,2976884,352036,108415,243621,12060,2967,9093,53472,15193,38279,118362,44497,73865
"21",2009,4317074,1021710,3295364,3889498,893025,2996473,359228,109612,249616,12486,3182,9304,55862,15891,39971,126724,47558,79166
"21",2010,4347937,1023475,3324462,3910713,892887,3017826,366172,110759,255413,12852,3165,9687,58200,16664,41536,134012,50615,83397
"21",2011,4367882,1021805,3346077,3921651,889812,3031839,372232,111572,260660,12948,3129,9819,61051,17292,43759,137386,52380,85006
"21",2012,4382667,1017399,3365268,3927625,884258,3043367,378067,112141,265926,13120,3106,10014,63855,17894,45961,141468,53838,87630
"21",2013,4398500,1015579,3382921,3934787,880673,3054114,383636,113041,270595,13405,3178,10227,66672,18687,47985,145370,55483,89887
"21",2014,4412617,1013687,3398930,3940755,877547,3063208,388478,113660,274818,13708,3221,10487,69676,19259,50417,149081,56722,92359
"21",2015,4425092,1011667,3413425,3945716,874538,3071178,392826,114042,278784,13791,3193,10598,72759,19894,52865,152224,57895,94329
"22",1990,4221532,1205984,3015548,2859186,725951,2133235,1302816,459604,843212,18276,6368,11908,41254,14061,27193,92013,25811,66202
"22",1991,4253279,1222330,3030949,2868932,731639,2137293,1321819,469504,852315,18969,6586,12383,43559,14601,28958,94082,26623,67459
"22",1992,4293003,1237034,3055969,2881820,735775,2146045,1345921,479388,866533,19578,6790,12788,45684,15081,30603,95193,27119,68074
"22",1993,4316428,1239161,3077267,2882351,731417,2150934,1366339,485576,880763,20105,6946,13159,47633,15222,32411,95034,26811,68223
"22",1994,4347481,1247631,3099850,2890165,731702,2158463,1386633,493120,893513,21037,7294,13743,49646,15515,34131,96270,27253,69017
"22",1995,4378779,1250112,3128667,2899055,729681,2169374,1405899,496846,909053,21879,7583,14296,51946,16002,35944,98424,27909,70515
"22",1996,4398877,1244627,3154250,2900521,723654,2176867,1421523,497060,924463,22795,7766,15029,54038,16147,37891,99615,28208,71407
"22",1997,4421071,1239665,3181406,2906425,718808,2187617,1435689,496582,939107,23793,8047,15746,55164,16228,38936,101155,28695,72460
"22",1998,4440344,1232984,3207360,2911235,713270,2197965,1448356,495369,952987,24716,8186,16530,56037,16159,39878,102944,29231,73713
"22",1999,4460811,1227167,3233644,2915561,706956,2208605,1461433,495548,965885,25856,8492,17364,57961,16171,41790,104926,29943,74983
"22",2000,4471885,1217670,3254215,2912040,698220,2213820,1470682,493645,977037,27979,9131,18848,61184,16674,44510,108997,30877,78120
"22",2001,4477875,1204187,3273688,2910410,688920,2221490,1475975,489247,986728,28851,9186,19665,62639,16834,45805,116210,32702,83508
"22",2002,4497267,1194819,3302448,2916968,682153,2234815,1485575,486204,999371,29738,9366,20372,64986,17096,47890,124055,34803,89252
"22",2003,4521042,1188070,3332972,2926521,677723,2248798,1496609,483333,1013276,30540,9481,21059,67372,17533,49839,131268,36544,94724
"22",2004,4552238,1182731,3369507,2940900,674250,2266650,1509822,480862,1028960,31511,9686,21825,70005,17933,52072,139738,38663,101075
"22",2005,4576628,1177954,3398674,2951023,671299,2279724,1521031,478560,1042471,32391,9817,22574,72183,18278,53905,148801,41211,107590
"22",2006,4302665,1078779,3223886,2834087,631810,2202277,1369467,421029,948438,31502,9325,22177,67609,16615,50994,145440,40023,105417
"22",2007,4375581,1096642,3278939,2861100,637880,2223220,1411396,431940,979456,32681,9651,23030,70404,17171,53233,158851,44800,114051
"22",2008,4435586,1108728,3326858,2883647,642297,2241350,1444476,438360,1006116,34078,10073,24005,73385,17998,55387,170866,49381,121485
"22",2009,4491648,1114228,3377420,2910509,644231,2266278,1468988,440976,1028012,35174,10464,24710,76977,18557,58420,183456,52715,130741
"22",2010,4544951,1117939,3427012,2938363,646588,2291775,1490293,441564,1048729,36190,10698,25492,80105,19089,61016,194483,55148,139335
"22",2011,4575381,1116092,3459289,2951151,646135,2305016,1504000,439318,1064682,36822,10730,26092,83408,19909,63499,202021,58042,143979
"22",2012,4603676,1114618,3489058,2963937,645793,2318144,1515842,437496,1078346,37527,10789,26738,86370,20540,65830,210133,61075,149058
"22",2013,4627491,1113707,3513784,2972014,644930,2327084,1527970,436808,1091162,38150,10793,27357,89357,21176,68181,217957,64148,153809
"22",2014,4648990,1114600,3534390,2980550,645181,2335369,1537766,436890,1100876,38706,10837,27869,91968,21692,70276,225419,67098,158321
"22",2015,4670724,1114813,3555911,2990198,645577,2344621,1546176,436111,1110065,39057,10812,28245,95293,22313,72980,232532,69586,162946
"23",1990,1231719,308066,923653,1214008,302007,912001,5111,1733,3378,5950,2099,3851,6650,2227,4423,6597,2437,4160
"23",1991,1237081,309871,927210,1218891,303674,915217,5246,1827,3419,6086,2141,3945,6858,2229,4629,6603,2369,4234
"23",1992,1238508,310679,927829,1219568,304169,915399,5284,1948,3336,6330,2227,4103,7326,2335,4991,6698,2469,4229
"23",1993,1242302,310966,931336,1223024,304299,918725,5313,2035,3278,6472,2265,4207,7493,2367,5126,6694,2408,4286
"23",1994,1242662,311570,931092,1223245,304862,918383,5188,1944,3244,6466,2288,4178,7763,2476,5287,6972,2509,4463
"23",1995,1243480,309173,934307,1223262,302183,921079,5562,2143,3419,6678,2322,4356,7978,2525,5453,7182,2582,4600
"23",1996,1249060,307740,941320,1228059,300513,927546,6001,2306,3695,6691,2300,4391,8309,2621,5688,7917,2927,4990
"23",1997,1254774,305097,949677,1232522,297376,935146,6641,2676,3965,6981,2333,4648,8630,2712,5918,7930,2908,5022
"23",1998,1259127,304496,954631,1235256,295908,939348,7432,3249,4183,7269,2413,4856,9170,2926,6244,8544,3246,5298
"23",1999,1266808,302321,964487,1241976,293564,948412,7545,3206,4339,7575,2507,5068,9712,3044,6668,8716,3282,5434
"23",2000,1277072,301407,975665,1249687,291662,958025,8818,3821,4997,8175,2718,5457,10392,3206,7186,9421,3615,5806
"23",2001,1285692,300088,985604,1256397,289581,966816,9944,4375,5569,8441,2750,5691,10910,3382,7528,10490,4008,6482
"23",2002,1295960,298595,997365,1264617,287315,977302,11105,4972,6133,8685,2778,5907,11553,3530,8023,11465,4349,7116
"23",2003,1306513,296786,1009727,1272827,284692,988135,12613,5650,6963,8944,2781,6163,12129,3663,8466,12520,4775,7745
"23",2004,1313688,294791,1018897,1278082,282004,996078,13758,6217,7541,9109,2807,6302,12739,3763,8976,13464,5166,8298
"23",2005,1318787,292039,1026748,1281091,278468,1002623,15087,6884,8203,9368,2848,6520,13241,3839,9402,14307,5464,8843
"23",2006,1323619,288945,1034674,1284124,274745,1009379,16243,7405,8838,9568,2826,6742,13684,3969,9715,15085,5686,9399
"23",2007,1327040,286185,1040855,1285828,271322,1014506,17339,7962,9377,9852,2886,6966,14021,4015,10006,15794,5994,9800
"23",2008,1330509,282204,1048305,1287317,266591,1020726,18505,8517,9988,10144,2937,7207,14543,4159,10384,16499,6326,10173
"23",2009,1329590,277946,1051644,1284844,261848,1022996,19452,8796,10656,10406,3004,7402,14888,4298,10590,17117,6487,10630
"23",2010,1327695,273365,1054330,1282000,257237,1024763,19984,8816,11168,10420,2964,7456,15291,4348,10943,17029,6406,10623
"23",2011,1328257,269141,1059116,1280985,252616,1028369,20896,9154,11742,10554,2954,7600,15822,4417,11405,17823,6570,11253
"23",2012,1328888,265330,1063558,1280165,248641,1031524,21781,9287,12494,10653,2924,7729,16289,4478,11811,18665,6703,11962
"23",2013,1328778,261941,1066837,1278855,245162,1033693,22330,9396,12934,10738,2860,7878,16855,4523,12332,19516,6909,12607
"23",2014,1330256,259098,1071158,1278844,242219,1036625,23002,9396,13606,10906,2891,8015,17504,4592,12912,20320,6984,13336
"23",2015,1329328,256380,1072948,1276636,239422,1037214,23542,9334,14208,10983,2886,8097,18167,4738,13429,20924,6958,13966
"24",1990,4799770,1180426,3619344,3439866,786734,2653132,1203347,350442,852905,13149,3509,9640,143408,39741,103667,126350,36942,89408
"24",1991,4867641,1208898,3658743,3462951,800230,2662721,1238558,363317,875241,13698,3623,10075,152434,41728,110706,135137,40333,94804
"24",1992,4923368,1235498,3687870,3478928,813457,2665471,1270383,375119,895264,14085,3724,10361,159972,43198,116774,142473,43365,99108
"24",1993,4971889,1261738,3710151,3483937,823073,2660864,1303386,389337,914049,14780,3980,10800,169786,45348,124438,152017,47095,104922
"24",1994,5023060,1280772,3742288,3491672,828151,2663521,1337756,401154,936602,15466,4246,11220,178166,47221,130945,161075,50192,110883
"24",1995,5070033,1300695,3769338,3497042,834324,2662718,1371811,412982,958829,16159,4585,11574,185021,48804,136217,169682,53433,116249
"24",1996,5111986,1303816,3808170,3495508,828417,2667091,1406138,421052,985086,16614,4654,11960,193726,49693,144033,178182,55528,122654
"24",1997,5157328,1321306,3836022,3498276,832566,2665710,1438668,432400,1006268,17225,4801,12424,203159,51539,151620,189941,59679,130262
"24",1998,5204464,1338727,3865737,3503904,835993,2667911,1471996,444323,1027673,17950,5025,12925,210614,53386,157228,202351,63797,138554
"24",1999,5254509,1348659,3905850,3511643,835503,2676140,1503532,452779,1050753,18471,5096,13375,220863,55281,165582,215069,67685,147384
"24",2000,5311034,1356961,3954073,3528118,834905,2693213,1530353,458845,1071508,19897,5556,14341,232666,57655,175011,231155,72911,158244
"24",2001,5374691,1366552,4008139,3546882,835463,2711419,1561491,464563,1096928,21485,5970,15515,244833,60556,184277,251351,78998,172353
"24",2002,5440389,1375354,4065035,3566844,835829,2731015,1592833,470019,1122814,23115,6429,16686,257597,63077,194520,273885,85789,188096
"24",2003,5496269,1379641,4116628,3579519,832507,2747012,1621856,474448,1147408,24635,6825,17810,270259,65861,204398,297565,93160,204405
"24",2004,5546935,1383450,4163485,3585789,827506,2758283,1652016,479841,1172175,26193,7214,18979,282937,68889,214048,322895,101564,221331
"24",2005,5592379,1382966,4209413,3587986,819759,2768227,1680707,483627,1197080,27857,7627,20230,295829,71953,223876,350749,110593,240156
"24",2006,5627367,1377756,4249611,3584885,809805,2775080,1705298,485015,1220283,29485,8109,21376,307699,74827,232872,379462,119950,259512
"24",2007,5653408,1369563,4283845,3578891,798765,2780126,1724204,484977,1239227,31172,8547,22625,319141,77274,241867,406186,128898,277288
"24",2008,5684965,1359214,4325751,3579667,787821,2791846,1741767,482451,1259316,32783,8897,23886,330748,80045,250703,430375,136646,293729
"24",2009,5730388,1353631,4376757,3587821,780382,2807439,1764644,480863,1283781,34813,9541,25272,343110,82845,260265,452784,143308,309476
"24",2010,5788409,1352436,4435973,3606438,776400,2830038,1788736,480314,1308422,36378,10056,26322,356857,85666,271191,475439,150146,325293
"24",2011,5844171,1350061,4494110,3626388,774655,2851733,1810252,476892,1333360,36968,10049,26919,370563,88465,282098,495772,157813,337959
"24",2012,5890740,1347548,4543192,3641077,772899,2868178,1828497,473417,1355080,37588,10064,27524,383578,91168,292410,513618,164792,348826
"24",2013,5936040,1345827,4590213,3651241,769838,2881403,1849719,471942,1377777,38163,10276,27887,396917,93771,303146,532301,171658,360643
"24",2014,5975346,1349676,4625670,3654982,769768,2885214,1870770,472892,1397878,39007,10633,28374,410587,96383,314204,554309,180977,373332
"24",2015,6006401,1348226,4658175,3652546,766185,2886361,1890111,472400,1417711,39697,10919,28778,424047,98722,325325,572373,187463,384910
"25",1990,6022639,1353806,4668833,5533629,1202806,4330823,328341,104754,223587,12952,3797,9155,147717,42449,105268,289315,107258,182057
"25",1991,6018470,1375110,4643360,5509497,1214182,4295315,337565,110844,226721,13520,4083,9437,157888,46001,111887,299996,112137,187859
"25",1992,6028709,1390188,4638521,5499985,1221399,4278586,347268,115901,231367,14115,4379,9736,167341,48509,118832,310612,116683,193929
"25",1993,6060569,1415724,4644845,5510329,1238395,4271934,357301,121228,236073,14689,4600,10089,178250,51501,126749,323222,122084,201138
"25",1994,6095241,1437069,4658172,5527016,1255090,4271926,365072,123824,241248,15270,4804,10466,187883,53351,134532,335069,126315,208754
"25",1995,6141445,1453489,4687956,5554727,1269244,4285483,372244,124545,247699,16036,5023,11013,198438,54677,143761,349788,131486,218302
"25",1996,6179756,1468614,4711142,5573012,1279646,4293366,380476,126651,253825,16738,5231,11507,209530,57086,152444,363973,135956,228017
"25",1997,6226058,1478203,4747855,5593291,1282646,4310645,392930,130130,262800,17823,5612,12211,222014,59815,162199,379688,141418,238270
"25",1998,6271838,1491652,4780186,5613895,1288387,4325508,405072,134487,270585,18733,5885,12848,234138,62893,171245,397698,147696,250002
"25",1999,6317345,1495818,4821527,5632754,1286678,4346076,416891,137627,279264,19709,6244,13465,247991,65269,182722,415172,153427,261745
"25",2000,6361104,1501334,4859770,5648923,1286216,4362707,428547,140650,287897,20914,6605,14309,262720,67863,194857,433611,159489,274122
"25",2001,6397634,1505028,4892606,5655031,1283096,4371935,441594,144196,297398,22400,7006,15394,278609,70730,207879,455161,165937,289224
"25",2002,6417206,1502652,4914554,5648553,1275176,4373377,453484,146978,306506,23692,7317,16375,291477,73181,218296,473815,171331,302484
"25",2003,6422565,1493372,4929193,5630854,1261454,4369400,464146,149048,315098,25049,7632,17417,302516,75238,227278,490907,175810,315097
"25",2004,6412281,1479541,4932740,5600102,1244443,4355659,472524,149863,322661,26383,8000,18383,313272,77235,236037,506289,179506,326783
"25",2005,6403290,1464140,4939150,5570042,1225935,4344107,481830,150717,331113,27724,8372,19352,323694,79116,244578,521987,183071,338916
"25",2006,6410084,1450202,4959882,5553858,1208408,4345450,492621,152219,340402,29090,8698,20392,334515,80877,253638,540944,187968,352976
"25",2007,6431559,1439757,4991802,5552029,1193717,4358312,503993,153884,350109,30534,9089,21445,345003,83067,261936,561049,193255,367794
"25",2008,6468967,1429727,5039240,5562217,1178560,4383657,517040,156035,361005,32135,9584,22551,357575,85548,272027,584748,199479,385269
"25",2009,6517613,1422935,5094678,5581686,1166892,4414794,530509,157453,373056,33879,10119,23760,371539,88471,283068,609411,206091,403320
"25",2010,6565036,1417162,5147874,5601391,1157544,4443847,543235,158124,385111,35211,10360,24851,385199,91134,294065,633633,211795,421838
"25",2011,6611797,1409576,5202221,5616085,1145056,4471029,558564,160591,397973,36018,10262,25756,401130,93667,307463,658173,216458,441715
"25",2012,6657780,1402117,5255663,5628838,1132234,4496604,574255,163484,410771,36663,10128,26535,418024,96271,321753,683135,221787,461348
"25",2013,6708810,1396835,5311975,5644889,1121200,4523689,590364,166317,424047,37309,10072,27237,436248,99246,337002,707874,227572,480302
"25",2014,6755124,1391634,5363490,5657191,1111078,4546113,605809,168695,437114,38065,10163,27902,454059,101698,352361,733828,234096,499732
"25",2015,6794422,1387087,5407335,5663975,1101837,4562138,619655,170597,449058,38904,10324,28580,471888,104329,367559,759194,240644,518550
"26",1990,9311319,2459633,6851686,7844171,1979792,5864379,1302647,425013,877634,57434,19668,37766,107067,35160,71907,202246,76883,125363
"26",1991,9400446,2484957,6915489,7902325,1996212,5906113,1325382,432471,892911,59011,20031,38980,113728,36243,77485,211302,79813,131489
"26",1992,9479065,2501765,6977300,7954555,2005172,5949383,1345171,439231,905940,59991,20389,39602,119348,36973,82375,218133,82202,135931
"26",1993,9540114,2522249,7017865,7988856,2014944,5973912,1364873,448608,916265,61193,20801,40392,125192,37896,87296,226421,85196,141225
"26",1994,9597737,2535196,7062541,8020513,2018848,6001665,1382963,455866,927097,62545,21396,41149,131716,39086,92630,235489,88106,147383
"26",1995,9676211,2556799,7119412,8068832,2030743,6038089,1401822,462858,938964,64432,22072,42360,141125,41126,99999,247532,92635,154897
"26",1996,9758645,2569745,7188900,8123578,2036672,6086906,1416589,466953,949636,66463,22687,43776,152015,43433,108582,262484,97895,164589
"26",1997,9809051,2582270,7226781,8150817,2041070,6109747,1428471,471532,956939,67978,23326,44652,161785,46342,115443,276535,103925,172610
"26",1998,9847942,2586343,7261599,8166073,2036986,6129087,1441513,476351,965162,69623,23685,45938,170733,49321,121412,291317,110124,181193
"26",1999,9897116,2591944,7305172,8186898,2033809,6153089,1455082,481523,973559,71513,24118,47395,183623,52494,131129,307670,116984,190686
"26",2000,9952450,2596114,7356336,8212336,2030707,6181629,1468133,484851,983282,73924,24770,49154,198057,55786,142271,327050,124700,202350
"26",2001,9991120,2593310,7397810,8230173,2023015,6207158,1477489,486850,990639,74950,24922,50028,208508,58523,149985,343617,131273,212344
"26",2002,10015710,2584310,7431400,8237822,2011641,6226181,1483051,486717,996334,76059,25009,51050,218778,60943,157835,357136,136716,220420
"26",2003,10041152,2569080,7472072,8245792,1994560,6251232,1488590,485559,1003031,77143,25117,52026,229627,63844,165783,369577,141738,227839
"26",2004,10055315,2553314,7502001,8246288,1977987,6268301,1492884,484097,1008787,78246,25148,53098,237897,66082,171815,381150,147023,234127
"26",2005,10051137,2531839,7519298,8231910,1957207,6274703,1494262,480999,1013263,79359,25340,54019,245606,68293,177313,392685,152262,240423
"26",2006,10036081,2503548,7532533,8208506,1931730,6276776,1494911,476255,1018656,80565,25599,54966,252099,69964,182135,403658,157631,246027
"26",2007,10001284,2470063,7531221,8170744,1902947,6267797,1492428,470219,1022209,81448,25684,55764,256664,71213,185451,412393,162187,250206
"26",2008,9946889,2418879,7528010,8118649,1862991,6255658,1485681,458111,1027570,82491,25763,56728,260068,72014,188054,420926,166250,254676
"26",2009,9901591,2372603,7528988,8073343,1826143,6247200,1481101,447604,1033497,83957,26327,57630,263190,72529,190661,429423,169594,259829
"26",2010,9877369,2333912,7543457,8041350,1794029,6247321,1482945,440025,1042920,85716,26711,59005,267358,73147,194211,437877,172079,265798
"26",2011,9876589,2300121,7576468,8029176,1767192,6261984,1484385,431945,1052440,86365,26331,60034,276663,74653,202010,447183,173860,273323
"26",2012,9886879,2269937,7616942,8025898,1742360,6283538,1486358,425306,1061052,87262,26021,61241,287361,76250,211111,457512,175527,281985
"26",2013,9900506,2246301,7654205,8026974,1721686,6305288,1486181,420612,1065569,87859,25711,62148,299492,78292,221200,467212,177014,290198
"26",2014,9916306,2226737,7689569,8026903,1703267,6323636,1488220,417673,1070547,88751,25548,63203,312432,80249,232183,476889,178099,298790
"26",2015,9922576,2207304,7715272,8018858,1685477,6333381,1489718,414513,1075205,89554,25312,64242,324446,82002,242444,485974,178955,307019
"27",1990,4389857,1176680,3213177,4163468,1081804,3081664,96863,38366,58497,50315,20692,29623,79211,35818,43393,53704,22479,31225
"27",1991,4440859,1191207,3249652,4202625,1091331,3111294,102578,41034,61544,51262,21316,29946,84394,37526,46868,57854,23937,33917
"27",1992,4495572,1213068,3282504,4240039,1105950,3134089,111100,44779,66321,52728,22216,30512,91705,40123,51582,63066,25955,37111
"27",1993,4555954,1226723,3329231,4284256,1114145,3170111,119757,48263,71494,53765,22595,31170,98176,41720,56456,69714,28803,40911
"27",1994,4610355,1238949,3371406,4321470,1120061,3201409,129044,52109,76935,54795,22996,31799,105046,43783,61263,75294,30673,44621
"27",1995,4660180,1245932,3414248,4353651,1121203,3232448,138084,55566,82518,55814,23102,32712,112631,46061,66570,82716,33208,49508
"27",1996,4712827,1252722,3460105,4389976,1122734,3267242,147109,59022,88087,56585,23000,33585,119157,47966,71191,91976,36326,55650
"27",1997,4763390,1264250,3499140,4420694,1126778,3293916,157212,62964,94248,57590,23155,34435,127894,51353,76541,103278,40459,62819
"27",1998,4813412,1275940,3537472,4448624,1130067,3318557,169213,67841,101372,58583,23301,35282,136992,54731,82261,116155,45438,70717
"27",1999,4873481,1283102,3590379,4484942,1128745,3356197,182425,73280,109145,59955,23566,36389,146159,57511,88648,129348,50555,78793
"27",2000,4933692,1289715,3643977,4517069,1126005,3391064,196652,79023,117629,62686,24218,38468,157285,60469,96816,145301,56341,88960
"27",2001,4982796,1291261,3691535,4544899,1121250,3423649,208738,83636,125102,64033,24400,39633,165126,61975,103151,158050,61703,96347
"27",2002,5018935,1288795,3730140,4561120,1112827,3448293,219791,87891,131900,65300,24563,40737,172724,63514,109210,168979,66070,102909
"27",2003,5053572,1283687,3769885,4576328,1102596,3473732,231089,91901,139188,66605,24687,41918,179550,64503,115047,179719,70487,109232
"27",2004,5087713,1281946,3805767,4589934,1094633,3495301,242890,96526,146364,68115,25079,43036,186774,65708,121066,190294,75439,114855
"27",2005,5119598,1280557,3839041,4600739,1086235,3514504,254634,101285,153349,70018,25817,44201,194207,67220,126987,201462,80583,120879
"27",2006,5163555,1282381,3881174,4620491,1080193,3540298,268698,106840,161858,71771,26441,45330,202595,68907,133688,212924,85930,126994
"27",2007,5207203,1285074,3922129,4640023,1074499,3565524,282436,112275,170161,73720,27249,46471,211024,71051,139973,223561,90913,132648
"27",2008,5247018,1284179,3962839,4657575,1066832,3590743,294544,116156,178388,75748,27938,47810,219151,73253,145898,234029,95525,138504
"27",2009,5281203,1284103,3997100,4672941,1062661,3610280,304750,118706,186044,76722,27767,48955,226790,74969,151821,242894,98636,144258
"27",2010,5310903,1283206,4027697,4684492,1058653,3625839,313920,120302,193618,78067,27828,50239,234424,76423,158001,251817,102226,149591
"27",2011,5348119,1280760,4067359,4699552,1050147,3649405,324511,123599,200912,79836,28761,51075,244220,78253,165967,258270,104590,153680
"27",2012,5380443,1277572,4102871,4711118,1042143,3668975,334542,126197,208345,80925,29296,51629,253858,79936,173922,264365,106239,158126
"27",2013,5420541,1279205,4141336,4727638,1036899,3690739,345768,129942,215826,82431,29960,52471,264704,82404,182300,271317,108191,163126
"27",2014,5457125,1282412,4174713,4741653,1034665,3706988,357010,133395,223615,83249,30003,53246,275213,84349,190864,277719,109854,167865
"27",2015,5489594,1284387,4205207,4753022,1032944,3720078,366862,135368,231494,84122,29907,54215,285588,86168,199420,284214,111175,173039
"28",1990,2578897,733660,1845237,1640316,393583,1246733,918137,332965,585172,7898,3062,4836,12546,4050,8496,14801,4889,9912
"28",1991,2598733,738911,1859822,1647041,395180,1251861,931092,336574,594518,7877,3099,4778,12723,4058,8665,15241,5178,10063
"28",1992,2623734,750224,1873510,1655967,399624,1256343,946494,343365,603129,8093,3168,4925,13180,4067,9113,16228,5668,10560
"28",1993,2655100,755820,1899280,1670529,400871,1269658,961894,347385,614509,8634,3292,5342,14043,4272,9771,16715,5601,11114
"28",1994,2688992,763795,1925197,1688623,405058,1283565,977069,351116,625953,8738,3271,5467,14562,4350,10212,18054,5991,12063
"28",1995,2722659,767892,1954767,1705861,406468,1299393,992365,353551,638814,8935,3322,5613,15498,4551,10947,19810,6540,13270
"28",1996,2748085,769681,1978404,1718070,407527,1310543,1004313,353881,650432,9340,3484,5856,16362,4789,11573,22066,7250,14816
"28",1997,2777004,774832,2002172,1733826,411095,1322731,1016239,355117,661122,9644,3583,6061,17295,5037,12258,24714,7948,16766
"28",1998,2804834,773721,2031113,1748699,410991,1337708,1028123,353842,674281,10138,3715,6423,17874,5173,12701,27566,8826,18740
"28",1999,2828408,775662,2052746,1760835,412166,1348669,1038253,354261,683992,10521,3839,6682,18799,5396,13403,30972,10034,20938
"28",2000,2848353,774353,2074000,1771404,412189,1359215,1043359,352038,691321,12381,4275,8106,21209,5851,15358,40032,12130,27902
"28",2001,2852994,768418,2084576,1771836,409628,1362208,1046375,348350,698025,12915,4428,8487,21868,6012,15856,44168,13640,30528
"28",2002,2858681,763148,2095533,1773296,407661,1365635,1049194,344758,704436,13412,4553,8859,22779,6176,16603,47924,14907,33017
"28",2003,2868312,759447,2108865,1776834,406226,1370608,1053803,342310,711493,13982,4698,9284,23693,6213,17480,51817,16309,35508
"28",2004,2889010,760410,2128600,1786952,407265,1379687,1062637,341828,720809,14595,4819,9776,24826,6498,18328,55734,17409,38325
"28",2005,2905943,760870,2145073,1794500,408147,1386353,1070369,340933,729436,15124,5010,10114,25950,6780,19170,60583,19162,41421
"28",2006,2904978,756990,2147988,1782659,404416,1378243,1080399,340532,739867,15686,5221,10465,26234,6821,19413,64434,20698,43736
"28",2007,2928350,761171,2167179,1792287,406703,1385584,1092496,342019,750477,16153,5292,10861,27414,7157,20257,70066,23172,46894
"28",2008,2947806,760572,2187234,1799399,406776,1392623,1103216,340954,762262,16752,5437,11315,28439,7405,21034,74973,24916,50057
"28",2009,2958774,758539,2200235,1803266,405250,1398016,1108721,340181,768540,17199,5542,11657,29588,7566,22022,79695,26116,53579
"28",2010,2970316,753549,2216767,1804918,401558,1403360,1117346,338645,778701,17611,5699,11912,30441,7647,22794,82025,26619,55406
"28",2011,2977999,747287,2230712,1806116,399827,1406289,1122540,333978,788562,17780,5698,12082,31563,7784,23779,84126,27608,56518
"28",2012,2985660,741841,2243819,1807762,398580,1409182,1127422,329649,797773,18079,5774,12305,32397,7838,24559,85127,28069,57058
"28",2013,2990976,735412,2255564,1805975,395939,1410036,1132890,325597,807293,18284,5854,12430,33827,8022,25805,87681,29205,58476
"28",2014,2993443,730975,2262468,1802265,392885,1409380,1137784,323854,813930,18528,5961,12567,34866,8275,26591,89849,30105,59744
"28",2015,2992333,726848,2265485,1797286,390238,1407048,1140310,322118,818192,18685,6011,12674,36052,8481,27571,91564,30922,60642
"29",1990,5128880,1316423,3812457,4516213,1117975,3398238,551614,180993,370621,19470,5526,13944,41583,11929,29654,60949,20980,39969
"29",1991,5170800,1332306,3838494,4546363,1128763,3417600,560523,185507,375016,19880,5675,14205,44034,12361,31673,62875,21651,41224
"29",1992,5217101,1349729,3867372,4578402,1139936,3438466,570748,190781,379967,20727,5889,14838,47224,13123,34101,66081,23051,43030
"29",1993,5271175,1365903,3905272,4617284,1150132,3467152,582279,196025,386254,21612,6151,15461,50000,13595,36405,69703,24319,45384
"29",1994,5324497,1378700,3945797,4656112,1157737,3498375,593401,200449,392952,22437,6430,16007,52547,14084,38463,73816,25662,48154
"29",1995,5378247,1393554,3984693,4696928,1168131,3528797,603017,204111,398906,23209,6657,16552,55093,14655,40438,78144,27227,50917
"29",1996,5431553,1408732,4022821,4735152,1177992,3557160,613411,208094,405317,24438,7096,17342,58552,15550,43002,84445,29790,54655
"29",1997,5481193,1419837,4061356,4769922,1184729,3585193,624475,211320,413155,25548,7539,18009,61248,16249,44999,91568,32330,59238
"29",1998,5521765,1428999,4092766,4797381,1189682,3607699,633777,214703,419074,26717,7783,18934,63890,16831,47059,99738,35966,63772
"29",1999,5561948,1428047,4133901,4824973,1186366,3638607,642019,216257,425762,27852,8056,19796,67104,17368,49736,107669,38723,68946
"29",2000,5607285,1428383,4178902,4849650,1182645,3667005,652894,218345,434549,31542,9056,22486,73199,18337,54862,119859,43050,76809
"29",2001,5641142,1426575,4214567,4870383,1178101,3692282,661223,219781,441442,32290,9233,23057,77246,19460,57786,128844,46411,82433
"29",2002,5674825,1424513,4250312,4891238,1174233,3717005,669160,220525,448635,32762,9275,23487,81665,20480,61185,137828,49987,87841
"29",2003,5709403,1421927,4287476,4913336,1169253,3744083,676844,221589,455255,33409,9433,23976,85814,21652,64162,146861,53893,92968
"29",2004,5747741,1420956,4326785,4937590,1165837,3771753,685468,222695,462773,34237,9599,24638,90446,22825,67621,156048,57581,98467
"29",2005,5790300,1422978,4367322,4965900,1164276,3801624,694231,224591,469640,34909,9796,25113,95260,24315,70945,165970,61895,104075
"29",2006,5842704,1428324,4414380,5002188,1166428,3835760,704464,226032,478432,35654,10010,25644,100398,25854,74544,177085,66648,110437
"29",2007,5887612,1431346,4456266,5033689,1166806,3866883,712454,227019,485435,36498,10391,26107,104971,27130,77841,187515,71261,116254
"29",2008,5923916,1428945,4494971,5057536,1163246,3894290,719723,226629,493094,37457,10518,26939,109200,28552,80648,197017,75150,121867
"29",2009,5961088,1426603,4534485,5081387,1160017,3921370,728187,226262,501925,38256,10743,27513,113258,29581,83677,205920,78462,127458
"29",2010,5996052,1423925,4572127,5102652,1156601,3946051,736282,225557,510725,39078,11031,28047,118040,30736,87304,214088,81065,133023
"29",2011,6010587,1414479,4596108,5108541,1148745,3959796,740164,223113,517051,39733,11107,28626,122149,31514,90635,220040,82721,137319
"29",2012,6025468,1404930,4620538,5114048,1139868,3974180,744503,221445,523058,40502,11225,29277,126415,32392,94023,226606,85005,141601
"29",2013,6043708,1397821,4645887,5120357,1132508,3987849,750888,220710,530178,41084,11280,29804,131379,33323,98056,233455,87253,146202
"29",2014,6063827,1393961,4669866,5128887,1127223,4001664,756283,220919,535364,41828,11396,30432,136829,34423,102406,240502,89158,151344
"29",2015,6083672,1391476,4692196,5137798,1123970,4013828,761321,220510,540811,42593,11519,31074,141960,35477,106483,247567,91061,156506
"30",1990,800204,223677,576527,746412,201531,544881,2200,840,1360,47757,20030,27727,3835,1276,2559,11520,4960,6560
"30",1991,809680,225259,584421,754402,202442,551960,2269,845,1424,49066,20670,28396,3943,1302,2641,11831,5021,6810
"30",1992,825770,230868,594902,769569,207245,562324,2321,944,1377,49792,21321,28471,4088,1358,2730,12416,5312,7104
"30",1993,844761,234987,609774,787290,210943,576347,2548,1045,1503,50708,21635,29073,4215,1364,2851,12886,5461,7425
"30",1994,861306,237289,624017,802094,212576,589518,2666,1055,1611,52229,22267,29962,4317,1391,2926,13700,5824,7876
"30",1995,876553,236583,639970,815828,211480,604348,2769,1138,1631,53474,22553,30921,4482,1412,3070,14414,5918,8496
"30",1996,886254,235294,650960,824170,210095,614075,2929,1222,1707,54548,22543,32005,4607,1434,3173,14569,5933,8636
"30",1997,889865,232813,657052,826618,207241,619377,2910,1189,1721,55685,22943,32742,4652,1440,3212,15121,6178,8943
"30",1998,892431,231746,660685,827664,205680,621984,3034,1277,1757,56890,23299,33591,4843,1490,3353,15963,6563,9400
"30",1999,897507,231132,666375,830780,204535,626245,3110,1307,1803,58604,23774,34830,5013,1516,3497,16561,6961,9600
"30",2000,903773,230067,673706,833789,202662,631127,4056,1782,2274,60082,23930,36152,5846,1693,4153,18191,7390,10801
"30",2001,906961,227118,679843,835441,199336,636105,4510,2005,2505,60827,24012,36815,6183,1765,4418,19546,7797,11749
"30",2002,911667,224772,686895,838973,196744,642229,4845,2186,2659,61507,24059,37448,6342,1783,4559,20622,8191,12431
"30",2003,919630,223012,696618,845586,194765,650821,5223,2357,2866,62325,24110,38215,6496,1780,4716,21814,8613,13201
"30",2004,930009,221999,708010,854417,193467,660950,5611,2511,3100,63172,24203,38969,6809,1818,4991,22766,8990,13776
"30",2005,940102,221685,718417,862916,192864,670052,5844,2596,3248,64369,24409,39960,6973,1816,5157,24153,9501,14652
"30",2006,952692,221930,730762,874054,192826,681228,6227,2790,3437,65146,24508,40638,7265,1806,5459,25301,10010,15291
"30",2007,964706,223135,741571,884439,193611,690828,6460,2918,3542,66288,24740,41548,7519,1866,5653,26440,10491,15949
"30",2008,976415,223814,752601,894799,193979,700820,6665,2945,3720,67202,24982,42220,7749,1908,5841,27373,10906,16467
"30",2009,983982,223675,760307,900620,193489,707131,6917,3005,3912,68342,25210,43132,8103,1971,6132,28210,11183,17027
"30",2010,990643,223350,767293,905913,193057,712856,7148,3119,4029,69443,25241,44202,8139,1933,6206,28895,11230,17665
"30",2011,997746,223029,774717,910405,192070,718335,8125,3370,4755,70541,25534,45007,8675,2055,6620,30597,11766,18831
"30",2012,1005157,222853,782304,915439,191299,724140,8925,3431,5494,71684,25997,45687,9109,2126,6983,32417,12307,20110
"30",2013,1014402,223972,790430,922937,191631,731306,9060,3617,5443,72826,26524,46302,9579,2200,7379,34174,12886,21288
"30",2014,1023252,225205,798047,929956,192371,737585,9419,3727,5692,73736,26779,46957,10141,2328,7813,35650,13181,22469
"30",2015,1032949,226420,806529,937867,193189,744678,9958,3915,6043,74383,26863,47520,10741,2453,8288,37201,13321,23880
"31",1990,1581660,430068,1151592,1499293,399518,1099775,57861,21327,36534,12211,5232,6979,12295,3991,8304,36465,14508,21957
"31",1991,1595919,434525,1161394,1511748,403364,1108384,58992,21858,37134,12231,5216,7015,12948,4087,8861,39485,15711,23774
"31",1992,1611687,436378,1175309,1524509,404077,1120432,60350,22470,37880,12645,5422,7223,14183,4409,9774,43310,17289,26021
"31",1993,1625590,439313,1186277,1535417,405813,1129604,61405,22957,38448,13112,5663,7449,15656,4880,10776,48071,19431,28640
"31",1994,1639041,442589,1196452,1545917,408032,1137885,63236,23778,39458,13414,5771,7643,16474,5008,11466,52807,21257,31550
"31",1995,1656992,444418,1212574,1560073,408644,1151429,64813,24229,40584,13885,5997,7888,18221,5548,12673,58740,23544,35196
"31",1996,1673740,446841,1226899,1573082,410158,1162924,66604,24809,41795,14264,6001,8263,19790,5873,13917,65214,26009,39205
"31",1997,1686418,450076,1236342,1582536,412196,1170340,68697,25688,43009,14534,6076,8458,20651,6116,14535,71079,28235,42844
"31",1998,1695816,451192,1244624,1589268,412192,1177076,70394,26497,43897,14762,6182,8580,21392,6321,15071,77616,30621,46995
"31",1999,1704764,451047,1253717,1594738,410928,1183810,72024,27118,44906,15408,6454,8954,22594,6547,16047,85234,33737,51497
"31",2000,1713820,450380,1263440,1596727,408127,1188600,74826,28296,46530,16992,6910,10082,25275,7047,18228,95505,37614,57891
"31",2001,1719836,448307,1271529,1598826,404785,1194041,76777,28899,47878,17791,7173,10618,26442,7450,18992,103215,40727,62488
"31",2002,1728292,447714,1280578,1603540,403120,1200420,78371,29345,49026,18469,7390,11079,27912,7859,20053,110994,44194,66800
"31",2003,1738643,447444,1291199,1609719,401775,1207944,80408,29862,50546,19226,7619,11607,29290,8188,21102,118380,47417,70963
"31",2004,1749370,448360,1301010,1616304,401230,1215074,82391,30549,51842,20080,7943,12137,30595,8638,21957,124667,50349,74318
"31",2005,1761497,448918,1312579,1624229,400557,1223672,84487,31081,53406,21032,8303,12729,31749,8977,22772,131467,53314,78153
"31",2006,1772693,450098,1322595,1630684,399828,1230856,86994,32096,54898,22180,8860,13320,32835,9314,23521,138481,56601,81880
"31",2007,1783440,451946,1331494,1637196,399796,1237400,89065,33037,56028,23161,9318,13843,34018,9795,24223,145077,59881,85196
"31",2008,1796378,453787,1342591,1644461,398973,1245488,91900,34292,57608,24651,10212,14439,35366,10310,25056,152703,63324,89379
"31",2009,1812683,456543,1356140,1656315,400822,1255493,94396,35029,59367,25202,10085,15117,36770,10607,26163,160871,66801,94070
"31",2010,1830025,459771,1370254,1668520,402705,1265815,96831,35540,61291,26042,10350,15692,38632,11176,27456,169209,69962,99247
"31",2011,1842383,461080,1381303,1676499,402721,1273778,98805,36070,62735,26769,10787,15982,40310,11502,28808,174899,71844,103055
"31",2012,1855973,462928,1393045,1684988,402974,1282014,100668,36645,64023,27567,11219,16348,42750,12090,30660,180959,74023,106936
"31",2013,1869300,465108,1404192,1693364,403686,1289678,102873,37208,65665,28170,11628,16542,44893,12586,32307,186880,76107,110773
"31",2014,1882980,467484,1415496,1701679,404722,1296957,105059,37705,67354,28772,11842,16930,47470,13215,34255,192046,77723,114323
"31",2015,1896190,470337,1425853,1709900,406547,1303353,106950,38116,68834,29200,11897,17303,50140,13777,36363,197416,79318,118098
"32",1990,1220695,316406,904289,1077497,269330,808167,81467,28853,52614,21280,7201,14079,40451,11022,29429,127751,45226,82525
"32",1991,1296171,325033,971138,1140685,275734,864951,87998,30200,57798,22277,7339,14938,45211,11760,33451,143221,49661,93560
"32",1992,1351367,337396,1013971,1185569,285194,900375,93558,31982,61576,23028,7586,15442,49212,12634,36578,157036,54931,102105
"32",1993,1411215,354990,1056225,1234291,299039,935252,98320,33917,64403,23970,7941,16029,54634,14093,40541,173322,61366,111956
"32",1994,1499298,376745,1122553,1306795,316418,990377,106532,36800,69732,24981,8179,16802,60990,15348,45642,197115,70207,126908
"32",1995,1581578,396223,1185355,1374567,332387,1042180,113443,38809,74634,25777,8330,17447,67791,16697,51094,224954,80680,144274
"32",1996,1666320,419133,1247187,1444989,351749,1093240,119873,40622,79251,26403,8520,17883,75055,18242,56813,252743,91272,161471
"32",1997,1764104,443626,1320478,1524605,371744,1152861,128057,42759,85298,27934,8938,18996,83508,20185,63323,290503,105570,184933
"32",1998,1853191,469424,1383767,1595019,391878,1203141,136640,45830,90810,29337,9421,19916,92195,22295,69900,327887,120334,207553
"32",1999,1934718,493701,1441017,1657752,411053,1246699,143853,48258,95595,30786,9918,20868,102327,24472,77855,364458,134641,229817
"32",2000,2018741,516018,1502723,1721264,427994,1293270,151556,50821,100735,32064,10270,21794,113857,26933,86924,400260,148385,251875
"32",2001,2098399,534708,1563691,1777260,440217,1337043,161746,54043,107703,33816,10831,22985,125577,29617,95960,433396,160726,272670
"32",2002,2173791,552816,1620975,1828699,452004,1376695,171629,57110,114519,35364,11223,24141,138099,32479,105620,465381,173137,292244
"32",2003,2248850,568963,1679887,1880102,462150,1417952,181213,59689,121524,37093,11876,25217,150442,35248,115194,495379,184418,310961
"32",2004,2346222,591314,1754908,1947914,476904,1471010,194114,63538,130576,39104,12477,26627,165090,38395,126695,531663,198087,333576
"32",2005,2432143,611595,1820548,2002853,489298,1513555,207275,67521,139754,41108,12884,28224,180907,41892,139015,570527,212262,358265
"32",2006,2522658,634403,1888255,2060010,503571,1556439,221504,71659,149845,43382,13751,29631,197762,45422,152340,613429,228425,385004
"32",2007,2601072,654053,1947019,2107687,515430,1592257,233966,75281,158685,45795,14430,31365,213624,48912,164712,653390,243513,409877
"32",2008,2653630,662621,1991009,2135244,518594,1616650,244200,77400,166800,47597,14925,32672,226589,51702,174887,681879,252365,429514
"32",2009,2684665,666041,2018624,2148708,518714,1629994,251426,78524,172902,48907,15286,33621,235624,53517,182107,703367,259113,444254
"32",2010,2703440,663526,2039914,2152947,514361,1638586,256713,78742,177971,49884,15415,34469,243896,55008,188888,719088,261961,457127
"32",2011,2718819,659033,2059786,2156714,509534,1647180,261049,78704,182345,50509,15394,35115,250547,55401,195146,732721,262769,469952
"32",2012,2754874,657894,2096980,2173225,506774,1666451,271375,79886,191489,51565,15418,36147,258709,55816,202893,749783,263576,486207
"32",2013,2790366,658625,2131741,2190366,505470,1684896,278404,81140,197264,52543,15452,37091,269053,56563,212490,767684,265194,502490
"32",2014,2838281,662672,2175609,2216182,506224,1709958,287616,82940,204676,54095,15870,38225,280388,57638,222750,789173,268402,520771
"32",2015,2890845,669164,2221681,2243778,508188,1735590,298727,85507,213220,55401,16036,39365,292939,59433,233506,813391,272358,541033
"33",1990,1112384,277454,834930,1093515,271799,821716,7350,2366,4984,2082,546,1536,9437,2743,6694,11286,3882,7404
"33",1991,1109929,281127,828802,1091448,275629,815819,6745,2173,4572,2075,561,1514,9661,2764,6897,11380,4048,7332
"33",1992,1117784,286314,831470,1098475,280606,817869,6985,2235,4750,2140,594,1546,10184,2879,7305,11848,4188,7660
"33",1993,1129458,290409,839049,1109148,284431,824717,7261,2371,4890,2144,605,1539,10905,3002,7903,13080,4809,8271
"33",1994,1142560,295562,846998,1121448,289340,832108,7865,2639,5226,2230,635,1595,11017,2948,8069,14007,5172,8835
"33",1995,1157561,298246,859315,1134978,291722,843256,8155,2658,5497,2396,682,1714,12032,3184,8848,14589,5396,9193
"33",1996,1174719,300161,874558,1150126,293076,857050,8825,2905,5920,2597,741,1856,13171,3439,9732,15544,5728,9816
"33",1997,1189425,302834,886591,1163577,295355,868222,9246,3042,6204,2719,779,1940,13883,3658,10225,16681,6238,10443
"33",1998,1205940,307292,898648,1178439,299242,879197,9635,3245,6390,3030,885,2145,14836,3920,10916,17792,6703,11089
"33",1999,1222014,308423,913591,1192000,299533,892467,10565,3688,6877,3324,950,2374,16125,4252,11873,19396,7309,12087
"33",2000,1239882,310352,929530,1206636,300414,906222,11612,4097,7515,3684,1068,2616,17950,4773,13177,20697,7870,12827
"33",2001,1255517,311877,943640,1218748,300799,917949,12863,4625,8238,3845,1104,2741,20061,5349,14712,23049,8708,14341
"33",2002,1269089,312743,956346,1229485,300740,928745,13776,5035,8741,3957,1115,2842,21871,5853,16018,25288,9574,15714
"33",2003,1279840,311412,968428,1237630,298508,939122,14715,5408,9307,4065,1145,2920,23430,6351,17079,27025,10138,16887
"33",2004,1290121,309243,980878,1245528,295473,950055,15590,5831,9759,4169,1155,3014,24834,6784,18050,28780,10807,17973
"33",2005,1298492,307403,991089,1251338,292890,958448,16470,6171,10299,4243,1159,3084,26441,7183,19258,30429,11405,19024
"33",2006,1308389,305169,1003220,1258795,289756,969039,17556,6642,10914,4409,1208,3201,27629,7563,20066,32338,12157,20181
"33",2007,1312540,300918,1011622,1261147,284814,976333,18115,6868,11247,4472,1257,3215,28806,7979,20827,33742,12701,21041
"33",2008,1315906,296029,1019877,1262351,279338,983013,18948,7105,11843,4615,1256,3359,29992,8330,21662,35202,13228,21974
"33",2009,1316102,290850,1025252,1260984,273737,987247,19530,7238,12292,4600,1260,3340,30988,8615,22373,36330,13653,22677
"33",2010,1316708,285866,1030842,1260396,268564,991832,20174,7288,12886,4538,1227,3311,31600,8787,22813,36945,13805,23140
"33",2011,1318344,280763,1037581,1259776,263115,996661,21004,7386,13618,4608,1195,3413,32956,9067,23889,38557,14104,24453
"33",2012,1321393,275807,1045586,1260355,257887,1002468,22268,7538,14730,4692,1168,3524,34078,9214,24864,40454,14354,26100
"33",2013,1322660,271047,1051613,1259525,252970,1006555,23124,7615,15509,4796,1182,3614,35215,9280,25935,42293,14553,27740
"33",2014,1327996,267433,1060563,1262954,248998,1013956,23565,7809,15756,4909,1205,3704,36568,9421,27147,43777,14876,28901
"33",2015,1330608,263998,1066610,1263680,245418,1018262,24188,7808,16380,4955,1170,3785,37785,9602,28183,45619,15137,30482
"34",1990,7762963,1818187,5944776,6386168,1408161,4978007,1080360,323089,757271,15899,4186,11713,280536,82751,197785,754012,226543,527469
"34",1991,7814676,1849605,5965071,6398787,1429234,4969553,1098903,330262,768641,16717,4495,12222,300269,85614,214655,785362,236574,548788
"34",1992,7880508,1890108,5990400,6420532,1455015,4965517,1120104,339735,780369,17674,4854,12820,322198,90504,231694,819147,249773,569374
"34",1993,7948915,1928623,6020292,6446894,1479312,4967582,1137820,348076,789744,18831,5362,13469,345370,95873,249497,856979,262741,594238
"34",1994,8014306,1968232,6046074,6472918,1504543,4968375,1155050,356769,798281,20305,6159,14146,366033,100761,265272,892121,274869,617252
"34",1995,8083242,1997187,6086055,6503397,1522116,4981281,1170159,362533,807626,21672,6786,14886,388014,105752,282262,929065,286054,643011
"34",1996,8149596,2016502,6133094,6529844,1532132,4997712,1184891,365840,819051,22952,7280,15672,411909,111250,300659,968173,295740,672433
"34",1997,8218808,2028349,6190459,6555387,1534229,5021158,1200550,368265,832285,24163,7556,16607,438708,118299,320409,1009758,306464,703294
"34",1998,8287418,2042080,6245338,6580741,1537623,5043118,1217158,371587,845571,25519,7835,17684,464000,125035,338965,1049793,317052,732741
"34",1999,8359592,2066678,6292914,6609191,1551379,5057812,1231242,375852,855390,26900,8095,18805,492259,131352,360907,1087446,328768,758678
"34",2000,8430621,2088885,6341736,6636782,1563266,5073516,1244586,379600,864986,29128,8635,20493,520125,137384,382741,1128903,341800,787103
"34",2001,8492671,2102838,6389833,6652117,1567233,5084884,1257274,381486,875788,31715,9315,22400,551565,144804,406761,1173732,353615,820117
"34",2002,8552643,2116591,6436052,6667078,1571940,5095138,1268823,382703,886120,34443,10052,24391,582299,151896,430403,1218847,366398,852449
"34",2003,8601402,2126014,6475388,6674697,1572939,5101758,1279601,383684,895917,37037,10817,26220,610067,158574,451493,1263523,380171,883352
"34",2004,8634561,2129051,6505510,6670703,1570110,5100593,1288238,382897,905341,39765,11540,28225,635855,164504,471351,1304751,392891,911860
"34",2005,8651974,2121878,6530096,6654085,1559104,5094981,1293607,380500,913107,42506,12216,30290,661776,170058,491718,1343332,403696,939636
"34",2006,8661679,2106403,6555276,6632976,1541301,5091675,1298653,377103,921550,45163,12914,32249,684887,175085,509802,1381040,413552,967488
"34",2007,8677885,2091023,6586862,6615252,1523475,5091777,1304334,373820,930514,48188,13667,34521,710111,180061,530050,1419887,424430,995457
"34",2008,8711090,2076366,6634724,6611708,1505938,5105770,1311696,370472,941224,51263,14614,36649,736423,185342,551081,1464525,435760,1028765
"34",2009,8755602,2068684,6686918,6615988,1492617,5123371,1323532,369405,954127,55197,16004,39193,760885,190658,570227,1515870,450379,1065491
"34",2010,8803881,2062466,6741415,6624665,1481740,5142925,1336273,368570,967703,58493,17240,41253,784450,194916,589534,1566531,463861,1102670
"34",2011,8842934,2050194,6792740,6626727,1469906,5156821,1346970,365059,981911,59320,17008,42312,809917,198221,611696,1611589,475037,1136552
"34",2012,8874893,2034709,6840184,6622116,1454614,5167502,1357802,361482,996320,60209,16820,43389,834766,201793,632973,1650375,484666,1165709
"34",2013,8907384,2021754,6885630,6617106,1440295,5176811,1369632,359543,1010089,60939,16653,44286,859707,205263,654444,1688066,493740,1194326
"34",2014,8938844,2012281,6926563,6610856,1427851,5183005,1381998,359317,1022681,62070,16888,45182,883920,208225,675695,1727823,504679,1223144
"34",2015,8958013,1998821,6959192,6596284,1413544,5182740,1392086,357757,1034329,63250,17256,45994,906393,210264,696129,1762181,514027,1248154
"35",1990,1521574,453538,1068036,1336983,381216,955767,31537,11117,20420,138011,56403,81608,15043,4802,10241,584566,206557,378009
"35",1991,1555305,461811,1093494,1362802,386588,976214,33416,11712,21704,143236,58518,84718,15851,4993,10858,601897,211217,390680
"35",1992,1595442,473176,1122266,1394794,394815,999979,35471,12556,22915,148250,60583,87667,16927,5222,11705,623826,218907,404919
"35",1993,1636453,487742,1148711,1429264,406384,1022880,36971,13171,23800,152263,62706,89557,17955,5481,12474,643785,226965,416820
"35",1994,1682398,497542,1184856,1468514,414151,1054363,38246,13667,24579,156500,64020,92480,19138,5704,13434,664969,232877,432092
"35",1995,1720394,504558,1215836,1501432,419634,1081798,39394,14152,25242,159524,64870,94654,20044,5902,14142,685146,238177,446969
"35",1996,1752326,508100,1244226,1526696,421550,1105146,40623,14509,26114,164052,65947,98105,20955,6094,14861,705839,243027,462812
"35",1997,1774839,514500,1260339,1543991,426381,1117610,41632,14938,26694,167483,66905,100578,21733,6276,15457,722960,250335,472625
"35",1998,1793484,512801,1280683,1554888,423025,1131863,41649,14771,26878,174076,68412,105664,22871,6593,16278,738868,253547,485321
"35",1999,1808082,511135,1296947,1563421,420505,1142916,42091,15031,27060,178885,68965,109920,23685,6634,17051,753569,256872,496697
"35",2000,1821204,508132,1313072,1567912,416457,1151455,42775,15092,27683,185172,69710,115462,25345,6873,18472,769988,260015,509973
"35",2001,1831690,503404,1328286,1572453,410654,1161799,44060,15430,28630,189218,70365,118853,25959,6955,19004,783543,260898,522645
"35",2002,1855309,502779,1352530,1589442,409365,1180077,45707,15824,29883,192786,70417,122369,27374,7173,20201,800870,263680,537190
"35",2003,1877574,500777,1376797,1605625,407021,1198604,46932,16102,30830,196291,70334,125957,28726,7320,21406,817520,265658,551862
"35",2004,1903808,501184,1402624,1625510,406943,1218567,48580,16537,32043,199634,70194,129440,30084,7510,22574,834722,269096,565626
"35",2005,1932274,502612,1429662,1648132,408101,1240031,50040,16878,33162,202659,69914,132745,31443,7719,23724,854026,273288,580738
"35",2006,1962137,505125,1457012,1672039,409896,1262143,51749,17408,34341,205369,69825,135544,32980,7996,24984,874649,278563,596086
"35",2007,1990070,508725,1481345,1693476,412736,1280740,53356,17748,35608,209060,69883,139177,34178,8358,25820,896537,285235,611302
"35",2008,2010662,511214,1499448,1707457,413700,1293757,54341,18009,36332,213396,70695,142701,35468,8810,26658,916565,290900,625665
"35",2009,2036802,515470,1521332,1725799,416756,1309043,56276,18536,37740,217796,70883,146913,36931,9295,27636,937564,297658,639906
"35",2010,2064741,518499,1546242,1746869,419197,1327672,58388,19003,39385,221100,70772,150328,38384,9527,28857,957830,302555,655275
"35",2011,2078226,516275,1561951,1754692,416464,1338228,59737,19155,40582,224151,71101,153050,39646,9555,30091,970679,303027,667652
"35",2012,2084792,511979,1572813,1756794,411941,1344853,60787,19241,41546,226435,71153,155282,40776,9644,31132,980067,301662,678405
"35",2013,2086890,506866,1580024,1753834,405889,1347945,61827,19381,42446,229413,71857,157556,41816,9739,32077,988305,299892,688413
"35",2014,2085567,501403,1584164,1749376,400349,1349027,62962,19606,43356,230479,71657,158822,42750,9791,32959,994547,297273,697274
"35",2015,2085109,496908,1588201,1745634,395850,1349784,64016,19912,44104,231645,71196,160449,43814,9950,33864,1001258,295391,705867
"36",1990,18020784,4281643,13739141,14159914,3161374,10998540,3075556,919429,2156127,66723,20443,46280,718591,180397,538194,2230090,678992,1551098
"36",1991,18122510,4372727,13749783,14168653,3216258,10952395,3115741,944116,2171625,70156,21759,48397,767960,190594,577366,2284463,702568,1581895
"36",1992,18246653,4465539,13781114,14197174,3272403,10924771,3159095,968032,2191063,74358,23638,50720,816026,201466,614560,2343289,732161,1611128
"36",1993,18374954,4538171,13836783,14229704,3312248,10917456,3206315,989732,2216583,79458,26094,53364,859477,210097,649380,2417521,760215,1657306
"36",1994,18459470,4605284,13854186,14229050,3347912,10881138,3248162,1010202,2237960,84449,28193,56256,897809,218977,678832,2485045,786576,1698469
"36",1995,18524104,4648419,13875685,14213102,3364707,10848395,3284189,1025038,2259151,89493,30079,59414,937320,228595,708725,2552088,811785,1740303
"36",1996,18588460,4667647,13920813,14195327,3363586,10831741,3314224,1032558,2281666,94953,32049,62904,983956,239454,744502,2613537,827257,1786280
"36",1997,18656546,4670787,13985759,14181712,3350882,10830830,3345110,1037313,2307797,100800,33845,66955,1028924,248747,780177,2680834,845289,1835545
"36",1998,18755906,4652140,14103766,14195227,3322525,10872702,3378440,1037562,2340878,107043,35495,71548,1075196,256558,818638,2744922,856533,1888389
"36",1999,18882725,4672587,14210138,14235763,3325131,10910632,3410768,1044396,2366372,113722,37394,76328,1122472,265666,856806,2812644,875328,1937316
"36",2000,19001780,4687374,14314406,14266524,3324646,10941878,3443462,1048993,2394469,121934,39657,82277,1169860,274078,895782,2894316,899267,1995049
"36",2001,19082838,4672425,14410413,14281400,3309691,10971709,3457658,1039757,2417901,130396,41204,89192,1213384,281773,931611,2952390,907467,2044923
"36",2002,19137800,4652232,14485568,14276260,3291963,10984297,3467250,1028816,2438434,139242,43261,95981,1255048,288192,966856,3007143,916489,2090654
"36",2003,19175939,4619506,14556433,14263472,3266646,10996826,3471007,1013396,2457611,147941,45221,102720,1293519,294243,999276,3054405,921178,2133227
"36",2004,19171567,4574065,14597502,14222791,3233220,10989571,3464246,994924,2469322,156677,47242,109435,1327853,298679,1029174,3092293,924019,2168274
"36",2005,19132610,4514456,14618154,14146723,3182353,10964370,3457681,979474,2478207,165480,49300,116180,1362726,303329,1059397,3125400,926096,2199304
"36",2006,19104631,4457777,14646854,14077386,3132255,10945131,3453892,966043,2487849,174575,51300,123275,1398778,308179,1090599,3162942,930396,2232546
"36",2007,19132335,4410949,14721386,14051624,3089322,10962302,3456802,954027,2502775,184130,53615,130515,1439779,313985,1125794,3216035,939652,2276383
"36",2008,19212436,4372170,14840266,14057786,3050926,11006860,3473867,942710,2531157,195000,56833,138167,1485783,321701,1164082,3284992,950005,2334987
"36",2009,19307066,4342926,14964140,14072238,3020178,11052060,3498751,933914,2564837,206557,60639,145918,1529520,328195,1201325,3359065,962903,2396162
"36",2010,19402920,4320527,15082393,14084130,2994113,11090017,3531616,929373,2602243,215139,62851,152288,1572035,334190,1237845,3433409,975736,2457673
"36",2011,19523202,4299918,15223284,14119673,2974969,11144704,3565021,922064,2642957,217074,61781,155293,1621434,341104,1280330,3505308,987316,2517992
"36",2012,19606981,4271849,15335132,14129806,2948601,11181205,3588266,912861,2675405,219685,61719,157966,1669224,348668,1320556,3564949,994849,2570100
"36",2013,19691032,4250523,15440509,14132325,2926331,11205994,3616915,906435,2710480,221229,60444,160785,1720563,357313,1363250,3624291,1003073,2621218
"36",2014,19748858,4228208,15520650,14110363,2899496,11210867,3641212,904158,2737054,222851,60223,162628,1774432,364331,1410101,3676950,1011078,2665872
"36",2015,19795791,4210817,15584974,14080073,2874697,11205376,3665284,905025,2760259,224341,60285,164056,1826093,370810,1455283,3726804,1021069,2705735
"37",1990,6664016,1625804,5038212,5058613,1125350,3933263,1471373,457957,1013416,80627,26756,53871,53403,15741,37662,77118,24195,52923
"37",1991,6784280,1640394,5143886,5141015,1132964,4008051,1504167,464492,1039675,81716,26443,55273,57382,16495,40887,85654,27094,58560
"37",1992,6897214,1674144,5223070,5215384,1153884,4061500,1536007,475784,1060223,83566,26792,56774,62257,17684,44573,98247,31664,66583
"37",1993,7042818,1710267,5332551,5315427,1175266,4140161,1572592,488229,1084363,86360,27516,58844,68439,19256,49183,112882,36156,76726
"37",1994,7187398,1750754,5436644,5417401,1202028,4215373,1605865,499087,1106778,89119,28503,60616,75013,21136,53877,133661,43020,90641
"37",1995,7344674,1785150,5559524,5530952,1226273,4304679,1639961,506859,1133102,91226,28896,62330,82535,23122,59413,158562,50950,107612
"37",1996,7500670,1821506,5679164,5643807,1252129,4391678,1671635,514057,1157578,94173,29675,64498,91055,25645,65410,190949,61023,129926
"37",1997,7656825,1861621,5795204,5757172,1281904,4475268,1703828,521417,1182411,96750,30359,66391,99075,27941,71134,229570,72788,156782
"37",1998,7809121,1894754,5914367,5868795,1306452,4562343,1733013,526635,1206378,99144,30816,68328,108169,30851,77318,275254,86533,188721
"37",1999,7949361,1932141,6017220,5970867,1333995,4636872,1758625,533206,1225419,101801,31272,70529,118068,33668,84400,327050,103589,223461
"37",2000,8081614,1967626,6113988,6057606,1357511,4700095,1785118,539907,1245211,107289,32841,74448,131601,37367,94234,385209,121696,263513
"37",2001,8210122,2003782,6206340,6141590,1383640,4757950,1814985,545881,1269104,111924,34332,77592,141623,39929,101694,424721,139597,285124
"37",2002,8326201,2034451,6291750,6214771,1404187,4810584,1844291,552277,1292014,116503,35781,80722,150636,42206,108430,461933,156474,305459
"37",2003,8422501,2060838,6361663,6271850,1421452,4850398,1869334,557230,1312104,121091,37270,83821,160226,44886,115340,495533,172985,322548
"37",2004,8553152,2085165,6467987,6355906,1438346,4917560,1901343,560911,1340432,125786,38679,87107,170117,47229,122888,534364,189991,344373
"37",2005,8705407,2122485,6582922,6456650,1464287,4992363,1936792,567547,1369245,130692,40235,90457,181273,50416,130857,576892,209801,367091
"37",2006,8917270,2166393,6750877,6600137,1493311,5106826,1986797,576988,1409809,136103,41937,94166,194233,54157,140076,625096,231137,393959
"37",2007,9118037,2219168,6898869,6733129,1529285,5203844,2035660,587752,1447908,141646,43792,97854,207602,58339,149263,676428,255897,420531
"37",2008,9309449,2252101,7057348,6856233,1550837,5305396,2084901,593635,1491266,147170,45540,101630,221145,62089,159056,728646,278094,450552
"37",2009,9449566,2272955,7176611,6939518,1559723,5379795,2125058,600476,1524582,152931,47626,105305,232059,65130,166929,770622,295678,474944
"37",2010,9558979,2281521,7277458,7000099,1561317,5438782,2158106,603455,1554651,157119,48802,108317,243655,67947,175708,805335,310292,495043
"37",2011,9651025,2283240,7367785,7049458,1561810,5487648,2185765,600952,1584813,159108,49037,110071,256694,71441,185253,826040,320797,505243
"37",2012,9747021,2281667,7465354,7100654,1556575,5544079,2214452,600488,1613964,161257,49537,111720,270658,75067,195591,846871,329828,517043
"37",2013,9845432,2282431,7563001,7151562,1551997,5599565,2244800,601711,1643089,163251,49762,113489,285819,78961,206858,869710,338543,531167
"37",2014,9940387,2286359,7654028,7201913,1550662,5651251,2273014,604018,1668996,164989,49682,115307,300471,81997,218474,892306,346772,545534
"37",2015,10042802,2290568,7752234,7259904,1550513,5709391,2301313,605785,1695528,166648,49685,116963,314937,84585,230352,916742,354736,562006
"38",1990,637685,170920,466765,605655,157465,448190,3366,1251,2115,25507,11274,14233,3157,930,2227,4174,1845,2329
"38",1991,635753,171730,464023,602837,157800,445037,3429,1336,2093,26142,11596,14546,3345,998,2347,4592,2038,2554
"38",1992,638223,172052,466171,604432,157591,446841,3476,1427,2049,26783,11979,14804,3532,1055,2477,4597,1995,2602
"38",1993,641216,172168,469048,607097,157533,449564,3369,1387,1982,27155,12157,14998,3595,1091,2504,4721,1989,2732
"38",1994,644804,172160,472644,609959,157346,452613,3352,1335,2017,27955,12426,15529,3538,1053,2485,4728,1941,2787
"38",1995,647832,171146,476686,612290,156173,456117,3270,1269,2001,28533,12587,15946,3739,1117,2622,5180,2172,3008
"38",1996,650382,169257,481125,613535,153976,459559,3514,1304,2210,29483,12846,16637,3850,1131,2719,5669,2311,3358
"38",1997,649716,167475,482241,612370,152160,460210,3501,1300,2201,30063,12890,17173,3782,1125,2657,6106,2611,3495
"38",1998,647532,165448,482084,609130,149727,459403,3720,1364,2356,30859,13195,17664,3823,1162,2661,6350,2757,3593
"38",1999,644259,163056,481203,604999,146998,458001,4007,1621,2386,31503,13353,18150,3750,1084,2666,6703,2850,3853
"38",2000,642023,160477,481546,599950,143616,456334,4971,1991,2980,32758,13676,19082,4344,1194,3150,7834,3219,4615
"38",2001,639062,156113,482949,595709,139138,456571,5476,2196,3280,33149,13531,19618,4728,1248,3480,8377,3332,5045
"38",2002,638168,153097,485071,593517,135852,457665,5936,2318,3618,33695,13638,20057,5020,1289,3731,8999,3477,5522
"38",2003,638817,150406,488411,592924,132863,460061,6389,2552,3837,34227,13672,20555,5277,1319,3958,9714,3721,5993
"38",2004,644705,149128,495577,596952,131128,465824,7075,2777,4298,34974,13855,21119,5704,1368,4336,10359,3894,6465
"38",2005,646089,148119,497970,596748,129758,466990,7741,3042,4699,35578,13933,21645,6022,1386,4636,10797,4032,6765
"38",2006,649422,147331,502091,598442,128397,470045,8174,3262,4912,36431,14186,22245,6375,1486,4889,11299,4259,7040
"38",2007,652822,147263,505559,600351,127885,472466,8538,3362,5176,37093,14431,22662,6840,1585,5255,11899,4680,7219
"38",2008,657569,147462,510107,603568,127581,475987,8994,3745,5249,37875,14545,23330,7132,1591,5541,12560,5087,7473
"38",2009,664968,148674,516294,609013,128416,480597,9994,3943,6051,38513,14625,23888,7448,1690,5758,13276,5296,7980
"38",2010,674530,150347,524183,616490,129700,486790,10584,4242,6342,39327,14686,24641,8129,1719,6410,13818,5536,8282
"38",2011,685326,152605,532721,624608,131011,493597,11802,4669,7133,40257,15112,25145,8659,1813,6846,15420,6195,9225
"38",2012,702265,157238,545027,637935,134402,503533,13499,5184,8315,41293,15658,25635,9538,1994,7544,18019,7115,10904
"38",2013,723626,163495,560131,654455,139005,515450,16094,5923,10171,42576,16397,26179,10501,2170,8331,21319,8325,12994
"38",2014,740040,168792,571248,666886,143114,523772,18440,6611,11829,43442,16703,26739,11272,2364,8908,23814,9203,14611
"38",2015,756927,173926,583001,678936,147163,531773,21487,7347,14140,44351,16878,27473,12153,2538,9615,26814,10083,16731
"39",1990,10864162,2778491,8085671,9588185,2376274,7211911,1163105,370470,792635,20327,5384,14943,92545,26363,66182,139402,51789,87613
"39",1991,10945762,2806959,8138803,9639249,2392575,7246674,1187439,381560,805879,20921,5509,15412,98153,27315,70838,144574,53381,91193
"39",1992,11029431,2839356,8190075,9690401,2412131,7278270,1214495,393513,820982,21708,5718,15990,102827,27994,74833,150490,55510,94980
"39",1993,11101140,2855785,8245355,9731792,2416844,7314948,1239130,404221,834909,22652,5989,16663,107566,28731,78835,157065,57482,99583
"39",1994,11152454,2875397,8277057,9755892,2424064,7331828,1260858,415320,845538,23591,6312,17279,112113,29701,82412,163263,59626,103637
"39",1995,11202751,2879930,8322821,9781785,2419990,7361795,1279923,422886,857037,24373,6575,17798,116670,30479,86191,170781,62188,108593
"39",1996,11242827,2883443,8359384,9794648,2413902,7380746,1299584,430713,868871,25633,6925,18708,122962,31903,91059,178573,64660,113913
"39",1997,11277357,2897375,8379982,9804485,2418560,7385925,1317777,438137,879640,26659,7283,19376,128436,33395,95041,186837,68543,118294
"39",1998,11311536,2896255,8415281,9815571,2411390,7404181,1333730,442283,891447,28032,7757,20275,134203,34825,99378,195796,72061,123735
"39",1999,11335454,2893270,8442184,9816458,2402212,7414246,1347742,446775,900967,29506,8110,21396,141748,36173,105575,205258,75812,129446
"39",2000,11363543,2886585,8476958,9816775,2389010,7427765,1364281,450838,913443,32084,8877,23207,150403,37860,112543,219498,81178,138320
"39",2001,11387404,2878123,8509281,9816057,2374174,7441883,1381459,455134,926325,32827,9024,23803,157061,39791,117270,232498,85315,147183
"39",2002,11407889,2865674,8542215,9812513,2356954,7455559,1397560,458172,939388,33339,9033,24306,164477,41515,122962,245320,90077,155243
"39",2003,11434788,2849573,8585215,9814964,2336612,7478352,1413170,460287,952883,33962,9043,24919,172692,43631,129061,258609,94999,163610
"39",2004,11452251,2836068,8616183,9810680,2318496,7492184,1427023,462664,964359,34439,9070,25369,180109,45838,134271,271798,100334,171464
"39",2005,11463320,2819794,8643526,9798651,2297497,7501154,1441701,465115,976586,35159,9302,25857,187809,47880,139929,286188,106678,179510
"39",2006,11481213,2804828,8676385,9793409,2277931,7515478,1457396,467563,989833,35890,9505,26385,194518,49829,144689,300578,113281,187297
"39",2007,11500468,2790347,8710121,9789179,2258742,7530437,1473382,470103,1003279,36785,9816,26969,201122,51686,149436,316034,120295,195739
"39",2008,11515391,2768968,8746423,9781972,2234423,7547549,1488002,470647,1017355,37763,10168,27595,207654,53730,153924,330867,126552,204315
"39",2009,11528896,2748051,8780845,9775738,2212019,7563719,1501406,470233,1031173,38212,10276,27936,213540,55523,158017,344550,132412,212138
"39",2010,11540766,2723115,8817651,9767215,2187945,7579270,1513845,467656,1046189,38969,10405,28564,220737,57109,163628,356864,136409,220455
"39",2011,11545442,2694191,8851251,9753342,2160792,7592550,1523685,464377,1059308,39538,10424,29114,228877,58598,170279,367790,139548,228242
"39",2012,11551783,2668627,8883156,9739559,2135443,7604116,1534507,462430,1072077,39929,10386,29543,237788,60368,177420,378789,142582,236207
"39",2013,11572232,2652765,8919467,9733899,2116157,7617742,1549562,463645,1085917,40703,10447,30256,248068,62516,185552,390337,146084,244253
"39",2014,11596998,2640764,8956234,9730911,2100038,7630873,1564706,465276,1099430,41246,10534,30712,260135,64916,195219,403364,149687,253677
"39",2015,11613423,2628477,8984946,9722459,2085125,7637334,1578549,465785,1112764,41756,10673,31083,270659,66894,203765,414641,152262,262379
"40",1990,3148825,841715,2307110,2619987,653088,1966899,236142,82013,154129,258246,96508,161738,34450,10106,24344,85463,34494,50969
"40",1991,3175440,849639,2325801,2636896,656755,1980141,240420,84243,156177,262666,98500,164166,35458,10141,25317,89847,36239,53608
"40",1992,3220517,862548,2357969,2668254,663909,2004345,247526,87438,160088,267461,100670,166791,37276,10531,26745,96678,38957,57721
"40",1993,3252285,870137,2382148,2689127,667848,2021279,250522,88876,161646,273301,102513,170788,39335,10900,28435,103077,41425,61652
"40",1994,3280940,877803,2403137,2707904,672049,2035855,253912,90133,163779,278261,104499,173762,40863,11122,29741,110591,44588,66003
"40",1995,3308208,883667,2424541,2725701,674404,2051297,256587,91110,165477,283397,106540,176857,42523,11613,30910,118867,48061,70806
"40",1996,3340129,887093,2453036,2744860,673956,2070904,260826,92318,168508,289701,108606,181095,44742,12213,32529,128928,51811,77117
"40",1997,3372917,893835,2479082,2764059,676376,2087683,265613,93656,171957,296255,111165,185090,46990,12638,34352,140916,56500,84416
"40",1998,3405194,898501,2506693,2783532,677892,2105640,271627,95395,176232,301122,112194,188928,48913,13020,35893,154247,61808,92439
"40",1999,3437147,895678,2541469,2800181,672992,2127189,277057,95731,181326,307908,113500,194408,52001,13455,38546,167755,66005,101750
"40",2000,3454365,891847,2562518,2804575,666847,2137728,280566,96224,184342,313719,114713,199006,55505,14063,41442,181095,70713,110382
"40",2001,3467100,885218,2581882,2807711,660077,2147634,282978,95772,187206,318918,114892,204026,57493,14477,43016,195483,75863,119620
"40",2002,3489080,884961,2604119,2818258,657678,2160580,285840,96023,189817,325082,116257,208825,59900,15003,44897,210446,81795,128651
"40",2003,3504892,883959,2620933,2824128,654812,2169316,287387,96147,191240,331462,117485,213977,61915,15515,46400,222946,86755,136191
"40",2004,3525233,881606,2643627,2833383,650684,2182699,290375,96127,194248,337623,118815,218808,63852,15980,47872,236132,91955,144177
"40",2005,3548597,885316,2663281,2845221,650825,2194396,293204,96886,196318,344806,121172,223634,65366,16433,48933,251203,98461,152742
"40",2006,3594090,894761,2699329,2873569,654845,2218724,299029,98556,200473,353538,124167,229371,67954,17193,50761,268175,105968,162207
"40",2007,3634349,904328,2730021,2897699,659295,2238404,304098,99906,204192,361816,127143,234673,70736,17984,52752,285618,113903,171715
"40",2008,3668976,910617,2758359,2917406,660642,2256764,307270,100687,206583,370624,130394,240230,73676,18894,54782,300723,120189,180534
"40",2009,3717572,922711,2794861,2946778,666754,2280024,314025,102730,211295,380066,133386,246680,76703,19841,56862,319289,127793,191496
"40",2010,3759596,931579,2828017,2970004,670397,2299607,321070,104578,216492,388734,135702,253032,79788,20902,58886,333435,134076,199359
"40",2011,3786626,935886,2850740,2984501,673092,2311409,325215,105284,219931,393902,135944,257958,83008,21566,61442,345697,139048,206649
"40",2012,3817679,940190,2877489,3002504,676199,2326305,329779,105728,224051,398225,135878,262347,87171,22385,64786,358272,143857,214415
"40",2013,3853405,948480,2904925,3022572,681822,2340750,335598,106932,228666,403570,136373,267197,91665,23353,68312,372483,149719,222764
"40",2014,3879610,954230,2925380,3035844,685791,2350053,340603,108328,232275,406915,135734,271181,96248,24377,71871,384371,153815,230556
"40",2015,3911338,961321,2950017,3052773,690520,2362253,346973,110112,236861,410725,135292,275433,100867,25397,75470,396459,157291,239168
"41",1990,2860375,742436,2117939,2700987,689110,2011877,47386,17219,30167,40743,14419,26324,71259,21688,49571,114212,44959,69253
"41",1991,2928507,752442,2176065,2760581,696721,2063860,49761,18270,31491,42321,14891,27430,75844,22560,53284,124087,48186,75901
"41",1992,2991755,770191,2221564,2815410,712045,2103365,51515,18879,32636,43758,15424,28334,81072,23843,57229,135960,53176,82784
"41",1993,3060367,778973,2281394,2875674,719121,2156553,53484,19517,33967,45181,15700,29481,86028,24635,61393,149110,57992,91118
"41",1994,3121264,793435,2327829,2928634,731372,2197262,55825,20359,35466,46784,16204,30580,90021,25500,64521,164456,64311,100145
"41",1995,3184369,806512,2377857,2982234,741711,2240523,58341,21372,36969,48259,16615,31644,95535,26814,68721,182703,71906,110797
"41",1996,3247111,816102,2431009,3035250,748755,2286495,60756,22193,38563,49854,17115,32739,101251,28039,73212,198480,77623,120857
"41",1997,3304310,830002,2474308,3083682,760210,2323472,62188,22661,39527,51716,17688,34028,106724,29443,77281,218617,85956,132661
"41",1998,3352449,837928,2514521,3122177,765315,2356862,64508,23530,40978,53455,18189,35266,112309,30894,81415,237789,93513,144276
"41",1999,3393941,843484,2550457,3154256,768338,2385918,66369,24345,42024,55338,18697,36641,117978,32104,85874,258885,101651,157234
"41",2000,3429708,847511,2582197,3178549,769360,2409189,69705,25552,44153,57175,19145,38030,124279,33454,90825,278259,108854,169405
"41",2001,3467937,848663,2619274,3206792,768335,2438457,72006,26135,45871,59046,19602,39444,130093,34591,95502,296083,116191,179892
"41",2002,3513424,850733,2662691,3242079,768163,2473916,74540,26891,47649,60964,19978,40986,135841,35701,100140,313232,123253,189979
"41",2003,3547376,850251,2697125,3267254,765509,2501745,76251,27378,48873,62997,20500,42497,140874,36864,104010,328886,129890,198996
"41",2004,3569463,846786,2722677,3281938,760276,2521662,77674,27788,49886,65060,21012,44048,144791,37710,107081,343677,136386,207291
"41",2005,3613202,849323,2763879,3315027,760039,2554988,80011,28551,51460,67611,21481,46130,150553,39252,111301,361623,144110,217513
"41",2006,3670883,857003,2813880,3360395,764314,2596081,83196,29753,53443,70114,22186,47928,157178,40750,116428,381519,152655,228864
"41",2007,3722417,862161,2860256,3399653,766030,2633623,86203,30833,55370,73230,23087,50143,163331,42211,121120,402398,162155,240243
"41",2008,3768748,865664,2903084,3434397,766151,2668246,89386,31811,57575,76399,24180,52219,168566,43522,125044,421853,170318,251535
"41",2009,3808600,866194,2942406,3462337,763151,2699186,92275,32744,59531,79533,25286,54247,174455,45013,129442,438205,176389,261816
"41",2010,3837972,865950,2972022,3481058,760543,2720515,94979,33159,61820,82006,26108,55898,179929,46140,133789,452586,181020,271566
"41",2011,3868509,863094,3005415,3502056,756893,2745163,97174,33338,63836,83072,26228,56844,186207,46635,139572,462908,182658,280250
"41",2012,3899444,859887,3039557,3522469,752978,2769491,99524,33578,65946,84368,26321,58047,193083,47010,146073,472953,183713,289240
"41",2013,3928030,857121,3070909,3541546,749301,2792245,101749,33955,67794,85321,26375,58946,199414,47490,151924,483790,185226,298564
"41",2014,3971202,859066,3112136,3571111,749140,2821971,104942,34686,70256,86720,26537,60183,208429,48703,159726,496700,187255,309445
"41",2015,4028977,862856,3166121,3614034,750958,2863076,108507,35399,73108,88423,26582,61841,218013,49917,168096,511901,189182,322719
"42",1990,11903299,2799168,9104131,10636478,2421725,8214753,1110238,330144,780094,14940,3936,11004,141643,43363,98280,233727,86428,147299
"42",1991,11982164,2830059,9152105,10684374,2440261,8244113,1131434,340750,790684,15261,4084,11177,151095,44964,106131,245900,91266,154634
"42",1992,12049450,2873013,9176437,10716751,2466422,8250329,1156140,355099,801041,15781,4283,11498,160778,47209,113569,259310,97362,161948
"42",1993,12119724,2907351,9212373,10754119,2485790,8268329,1179523,368396,811127,16318,4488,11830,169764,48677,121087,272119,102164,169955
"42",1994,12166050,2932851,9233199,10771264,2498304,8272960,1198702,379184,819518,16952,4734,12218,179132,50629,128503,286390,107830,178560
"42",1995,12198403,2941531,9256872,10777241,2497939,8279302,1215312,385942,829370,17585,4975,12610,188265,52675,135590,301226,113447,187779
"42",1996,12220464,2937411,9283053,10772040,2486095,8285945,1230865,391436,839429,18291,5168,13123,199268,54712,144556,318572,119020,199552
"42",1997,12227814,2942240,9285574,10755599,2482465,8273134,1245495,397688,847807,18941,5387,13554,207779,56700,151079,337122,126834,210288
"42",1998,12245672,2940285,9305387,10745439,2471509,8273930,1262645,404332,858313,20124,5833,14291,217464,58611,158853,355238,133766,221472
"42",1999,12263805,2930193,9333612,10734583,2454170,8280413,1279925,409834,870091,21170,6217,14953,228127,59972,168155,374402,141012,233390
"42",2000,12284173,2918850,9365323,10722222,2435414,8286808,1296937,414357,882580,23515,6940,16575,241499,62139,179360,398374,150089,248285
"42",2001,12298970,2905836,9393134,10707684,2415364,8292320,1311557,417864,893693,25802,7630,18172,253927,64978,188949,421461,157200,264261
"42",2002,12331031,2894935,9436096,10705281,2397220,8308061,1329750,421810,907940,27959,8249,19710,268041,67656,200385,447621,165068,282553
"42",2003,12374658,2883270,9491388,10711817,2376865,8334952,1349739,426417,923322,30221,8895,21326,282881,71093,211788,477457,175617,301840
"42",2004,12410722,2873125,9537597,10708454,2356727,8351727,1372319,431811,940508,32610,9668,22942,297339,74919,222420,510353,188329,322024
"42",2005,12449990,2859793,9590197,10707324,2334444,8372880,1395186,436141,959045,34919,10396,24523,312561,78812,233749,545049,201210,343839
"42",2006,12510809,2850778,9660031,10724159,2316698,8407461,1421259,440393,980866,37299,11148,26151,328092,82539,245553,583240,214707,368533
"42",2007,12563937,2839574,9724363,10735235,2296597,8438638,1445762,444529,1001233,40012,12116,27896,342928,86332,256596,621478,228424,393054
"42",2008,12612285,2821004,9791281,10743098,2270931,8472167,1469600,447366,1022234,42692,13169,29523,356895,89538,267357,657589,240398,417191
"42",2009,12666858,2804929,9861929,10758201,2249802,8508399,1492281,448600,1043681,45429,14130,31299,370947,92397,278550,693817,252261,441556
"42",2010,12712014,2786407,9925607,10768221,2228799,8539422,1510705,447415,1063290,47463,14678,32785,385625,95515,290110,726514,262217,464297
"42",2011,12745202,2763104,9982098,10766601,2201435,8565166,1529286,447860,1081426,48771,15001,33770,400544,98808,301736,757361,271057,486304
"42",2012,12772789,2740079,10032710,10759292,2174537,8584755,1547141,448285,1098856,50127,15340,34787,416229,101917,314312,788770,279772,508998
"42",2013,12783536,2717815,10065721,10736473,2147838,8588635,1563440,449091,1114349,51406,15760,35646,432217,105126,327091,813950,286622,527328
"42",2014,12793767,2702674,10091093,10715661,2128709,8586952,1576797,449616,1127181,52531,16040,36491,448778,108309,340469,843285,295519,547766
"42",2015,12802503,2690274,10112229,10695940,2114611,8581329,1588739,448338,1140401,53597,16264,37333,464227,111061,353166,872386,303095,569291
"44",1990,1005995,225923,780072,939017,203023,735994,43674,14959,28715,4207,1393,2814,19097,6548,12549,46250,16236,30014
"44",1991,1010649,229448,781201,940976,205711,735265,45425,15641,29784,4339,1472,2867,19909,6624,13285,49584,17677,31907
"44",1992,1012581,232630,779951,940551,208029,732522,47047,16370,30677,4463,1510,2953,20520,6721,13799,53233,19256,33977
"44",1993,1015112,237218,777894,940495,211537,728958,48790,17278,31512,4656,1579,3077,21171,6824,14347,57361,21118,36243
"44",1994,1015960,239100,776860,938565,212682,725883,50578,17876,32702,4840,1655,3185,21977,6887,15090,61037,22648,38389
"44",1995,1017002,240553,776449,936826,213372,723454,52450,18503,33947,5059,1750,3309,22667,6928,15739,65273,24463,40810
"44",1996,1020893,240569,780324,937811,212722,725089,54398,18955,35443,5302,1836,3466,23382,7056,16326,69404,26054,43350
"44",1997,1025353,242079,783274,938827,213349,725478,56657,19558,37099,5560,1912,3648,24309,7260,17049,74368,28093,46275
"44",1998,1031155,241760,789395,940651,211963,728688,59143,20263,38880,5924,2041,3883,25437,7493,17944,79216,29718,49498
"44",1999,1040402,247014,793388,945387,215007,730380,62303,21956,40347,6235,2246,3989,26477,7805,18672,85733,33073,52660
"44",2000,1050268,248065,802203,950236,214243,735993,65323,23054,42269,6742,2504,4238,27967,8264,19703,91654,35283,56371
"44",2001,1057142,248296,808846,953319,213655,739664,67729,23668,44061,7112,2587,4525,28982,8386,20596,96675,36848,59827
"44",2002,1065995,248690,817305,957652,213007,744645,70465,24412,46053,7540,2721,4819,30338,8550,21788,101954,38429,63525
"44",2003,1071342,248075,823267,958870,211446,747424,73027,25097,47930,7991,2864,5127,31454,8668,22786,107092,40010,67082
"44",2004,1074579,246228,828351,958378,208970,749408,75540,25637,49903,8325,2968,5357,32336,8653,23683,111016,41216,69800
"44",2005,1067916,241932,825984,949218,204431,744787,77032,25832,51200,8759,3057,5702,32907,8612,24295,114237,41964,72273
"44",2006,1063096,237348,825748,942374,199770,742604,78412,25961,52451,9140,3140,6000,33170,8477,24693,117657,42682,74975
"44",2007,1057315,233655,823660,934336,195653,738683,80091,26383,53708,9325,3155,6170,33563,8464,25099,120518,43461,77057
"44",2008,1055003,229798,825205,929381,191515,737866,81603,26506,55097,9707,3259,6448,34312,8518,25794,124191,44226,79965
"44",2009,1053646,225902,827744,925159,187122,738037,83320,26813,56507,10192,3387,6805,34975,8580,26395,127861,45075,82786
"44",2010,1053219,223261,829958,922383,184055,738328,84677,27086,57591,10562,3479,7083,35597,8641,26956,131753,46220,85533
"44",2011,1051856,220101,831755,917480,180493,736987,86656,27159,59497,10766,3591,7175,36954,8858,28096,135756,46833,88923
"44",2012,1052393,217012,835381,915330,177175,738155,87758,27070,60688,11112,3805,7307,38193,8962,29231,139758,47606,92152
"44",2013,1052856,214449,838407,912676,174214,738462,89665,27284,62381,11282,3859,7423,39233,9092,30141,143449,48237,95212
"44",2014,1054907,212694,842213,910981,171974,739007,91805,27558,64247,11407,3864,7543,40714,9298,31416,147893,49173,98720
"44",2015,1056298,211044,845254,908987,169884,739103,93775,27843,65932,11559,3826,7733,41977,9491,32486,152084,50009,102075
"45",1990,3501155,921041,2580114,2423347,560899,1862448,1046915,351186,695729,8182,2322,5860,22711,6634,16077,30367,9605,20762
"45",1991,3570404,936122,2634282,2468024,569606,1898418,1070158,357510,712648,8497,2397,6100,23725,6609,17116,33236,10518,22718
"45",1992,3620464,947868,2672596,2497658,575669,1921989,1089628,363075,726553,8746,2495,6251,24432,6629,17803,36628,11712,24916
"45",1993,3663314,956951,2706363,2520148,578752,1941396,1107974,368603,739371,9116,2624,6492,26076,6972,19104,39335,12372,26963
"45",1994,3705397,969766,2735631,2545211,585840,1959371,1123727,373976,749751,9454,2745,6709,27005,7205,19800,42246,13245,29001
"45",1995,3748582,975884,2772698,2570560,589643,1980917,1138558,375476,763082,10189,2988,7201,29275,7777,21498,47674,14734,32940
"45",1996,3796200,987576,2808624,2601818,597459,2004359,1152086,378677,773409,10831,3190,7641,31465,8250,23215,52917,16107,36810
"45",1997,3859696,1001681,2858015,2645411,607475,2037936,1168026,381541,786485,11841,3539,8302,34418,9126,25292,62551,19057,43494
"45",1998,3919235,1006371,2912864,2689579,612756,2076823,1181039,380562,800477,12478,3602,8876,36139,9451,26688,71583,21351,50232
"45",1999,3974682,1007050,2967632,2729841,615146,2114695,1192652,378305,814347,13624,3835,9789,38565,9764,28801,82630,24319,58311
"45",2000,4024223,1010641,3013582,2761785,617662,2144123,1204830,378108,826722,15448,4355,11093,42160,10516,31644,96470,28277,68193
"45",2001,4064995,1016134,3048861,2789474,623289,2166185,1214753,377023,837730,16511,4620,11891,44257,11202,33055,107615,32408,75207
"45",2002,4107795,1020531,3087264,2820732,628957,2191775,1222658,374841,847817,17598,4863,12735,46807,11870,34937,119542,36901,82641
"45",2003,4150297,1023785,3126512,2850639,633429,2217210,1231581,372839,858742,18512,4986,13526,49565,12531,37034,131166,41316,89850
"45",2004,4210921,1029111,3181810,2894711,639240,2255471,1244041,371483,872558,19636,5264,14372,52533,13124,39409,144106,46184,97922
"45",2005,4270150,1036941,3233209,2938716,646101,2292615,1255105,371241,883864,20689,5616,15073,55640,13983,41657,158474,51857,106617
"45",2006,4357847,1050042,3307805,3003350,656187,2347163,1273536,372718,900818,22035,6047,15988,58926,15090,43836,175689,58747,116942
"45",2007,4444110,1064190,3379920,3068677,668216,2400461,1289462,373178,916284,23463,6593,16870,62508,16203,46305,194211,66614,127597
"45",2008,4528996,1074116,3454880,3129618,676967,2452651,1308465,372880,935585,25048,7135,17913,65865,17134,48731,212024,73736,138288
"45",2009,4589872,1079729,3510143,3174776,681803,2492973,1320564,372981,947583,25980,7315,18665,68552,17630,50922,225836,78299,147537
"45",2010,4635894,1079575,3556319,3205678,682421,2523257,1332203,371533,960670,26750,7496,19254,71263,18125,53138,236709,82271,154438
"45",2011,4672733,1076225,3596508,3231718,682644,2549074,1339271,367198,972073,27222,7645,19577,74522,18738,55784,242213,85095,157118
"45",2012,4721341,1076836,3644505,3265903,684502,2581401,1350054,365374,984680,27461,7609,19852,77923,19351,58572,247592,87551,160041
"45",2013,4768498,1078050,3690448,3298123,686764,2611359,1361307,363679,997628,27867,7637,20230,81201,19970,61231,252890,90204,162686
"45",2014,4829160,1083879,3745281,3341619,690877,2650742,1373820,364508,1009312,28290,7766,20524,85431,20728,64703,259867,92840,167027
"45",2015,4896146,1091588,3804558,3390607,696010,2694597,1387150,366142,1021008,28915,7901,21014,89474,21535,67939,268352,95529,172823
"46",1990,697101,199453,497648,640530,173661,466869,3090,1201,1889,50595,23559,27036,2886,1032,1854,4617,2127,2490
"46",1991,703669,201749,501920,645766,174989,470777,3167,1229,1938,51675,24454,27221,3061,1077,1984,4816,2216,2600
"46",1992,712801,206632,506169,652683,178732,473951,3487,1380,2107,53349,25396,27953,3282,1124,2158,4949,2274,2675
"46",1993,722159,207975,514184,661083,179628,481455,3479,1336,2143,54266,25938,28328,3331,1073,2258,5146,2321,2825
"46",1994,730790,208443,522347,668605,179778,488827,3657,1345,2312,55059,26250,28809,3469,1070,2399,5461,2445,3016
"46",1995,737925,207889,530036,674690,178951,495739,3444,1270,2174,56175,26523,29652,3616,1145,2471,5856,2581,3275
"46",1996,742213,205780,536433,675993,175729,500264,4047,1550,2497,58288,27288,31000,3885,1213,2672,6250,2705,3545
"46",1997,744223,205978,538245,676207,175144,501063,4162,1609,2553,59882,27991,31891,3972,1234,2738,6944,3018,3926
"46",1998,746058,204786,541272,676446,173449,502997,4528,1811,2717,61048,28278,32770,4036,1248,2788,7616,3369,4247
"46",1999,750412,203737,546675,678197,171468,506729,4749,1924,2825,63170,28960,34210,4296,1385,2911,8192,3556,4636
"46",2000,755844,202681,553163,679183,169153,510030,6185,2658,3527,65324,29315,36009,5152,1555,3597,10995,4552,6443
"46",2001,757972,200795,557177,679387,166662,512725,6886,3025,3861,66230,29466,36764,5469,1642,3827,12581,5269,7312
"46",2002,760020,198694,561326,679515,164085,515430,7573,3392,4181,67133,29497,37636,5799,1720,4079,13805,5783,8022
"46",2003,763729,197326,566403,681095,162104,518991,8188,3664,4524,68275,29720,38555,6171,1838,4333,15088,6330,8758
"46",2004,770396,196804,573592,685440,160941,524499,8828,3944,4884,69565,29986,39579,6563,1933,4630,16371,6943,9428
"46",2005,775493,196476,579017,688470,160288,528182,9547,4179,5368,70603,30010,40593,6873,1999,4874,17549,7437,10112
"46",2006,783033,197332,585701,693610,160388,533222,10173,4544,5629,71942,30292,41650,7308,2108,5200,18608,7971,10637
"46",2007,791623,198847,592776,699485,161050,538435,11082,4948,6134,73358,30668,42690,7698,2181,5517,19626,8492,11134
"46",2008,799124,199848,599276,704618,161119,543499,11798,5322,6476,74790,31108,43682,7918,2299,5619,20777,9022,11755
"46",2009,807067,201204,605863,709532,161848,547684,12745,5648,7097,76035,31216,44819,8755,2492,6263,21709,9269,12440
"46",2010,816299,203226,613073,716193,163443,552750,13803,6017,7786,77214,31174,46040,9089,2592,6497,22537,9417,13120
"46",2011,824289,204162,620127,721005,163462,557543,15094,6285,8809,78311,31569,46742,9879,2846,7033,24492,10204,14288
"46",2012,834631,205720,628911,726563,163859,562704,17658,6672,10986,79486,32091,47395,10924,3098,7826,27141,11086,16055
"46",2013,845270,208457,636813,733327,165255,568072,19229,7092,12137,80693,32717,47976,12021,3393,8628,29627,12098,17529
"46",2014,853304,210502,642802,740136,166811,573325,19366,7416,11950,81199,32750,48449,12603,3525,9078,30655,12518,18137
"46",2015,858469,211324,647145,743966,167409,576557,19616,7689,11927,81550,32532,49018,13337,3694,9643,31214,12688,18526
"47",1990,4894492,1220200,3674292,4069981,953535,3116446,782830,254710,528120,9587,2361,7226,32094,9594,22500,32411,10158,22253
"47",1991,4966587,1233260,3733327,4124192,960833,3163359,798638,260087,538551,9825,2454,7371,33932,9886,24046,35692,11412,24280
"47",1992,5049742,1259458,3790284,4185397,978170,3207227,818018,268181,549837,10132,2591,7541,36195,10516,25679,38773,12233,26540
"47",1993,5137584,1285044,3852540,4248198,994228,3253970,839270,276849,562421,10720,2750,7970,39396,11217,28179,43581,13809,29772
"47",1994,5231438,1310988,3920450,4318767,1011776,3306991,858370,284171,574199,11330,2976,8354,42971,12065,30906,50274,15983,34291
"47",1995,5326936,1331616,3995320,4393289,1026379,3366910,875270,289319,585951,11806,3064,8742,46571,12854,33717,58357,18713,39644
"47",1996,5416643,1345723,4070920,4460769,1035057,3425712,892896,293545,599351,12622,3345,9277,50356,13776,36580,68098,21704,46394
"47",1997,5499233,1359030,4140203,4524631,1044855,3479776,908434,296451,611983,13193,3449,9744,52975,14275,38700,78257,24817,53440
"47",1998,5570045,1369987,4200058,4575834,1051688,3524146,924468,299589,624879,13684,3443,10241,56059,15267,40792,91760,28963,62797
"47",1999,5638706,1385997,4252709,4625327,1062735,3562592,939791,303761,636030,14433,3544,10889,59155,15957,43198,105769,33328,72441
"47",2000,5703719,1399685,4304034,4667321,1071250,3596071,953877,306904,646973,17151,4233,12918,65370,17298,48072,125572,39335,86237
"47",2001,5750789,1407578,4343211,4696634,1074930,3621704,967178,309804,657374,18369,4551,13818,68608,18293,50315,139039,44605,94434
"47",2002,5795918,1414857,4381061,4723797,1078240,3645557,980256,312567,667689,19274,4790,14484,72591,19260,53331,152930,50086,102844
"47",2003,5847812,1424861,4422951,4757541,1084497,3673044,993443,314923,678520,20160,5009,15151,76668,20432,56236,167001,56190,110811
"47",2004,5910809,1433343,4477466,4799162,1089219,3709943,1009077,317275,691802,21280,5266,16014,81290,21583,59707,183955,63044,120911
"47",2005,5991057,1449326,4541731,4856223,1099743,3756480,1026372,320966,705406,22303,5524,16779,86159,23093,63066,204020,71658,132362
"47",2006,6088766,1470166,4618600,4926508,1113898,3812610,1047600,325720,721880,23415,5814,17601,91243,24734,66509,223916,80748,143168
"47",2007,6175727,1482747,4692980,4992038,1123332,3868706,1062187,326361,735826,25402,6845,18557,96100,26209,69891,245692,89915,155777
"47",2008,6247411,1494354,4753057,5046296,1132310,3913986,1074684,327202,747482,26659,7465,19194,99772,27377,72395,262563,97953,164610
"47",2009,6306019,1494687,4811332,5086681,1132737,3953944,1087674,325778,761896,27852,7772,20080,103812,28400,75412,278598,103829,174769
"47",2010,6356585,1494971,4861614,5119506,1133020,3986486,1101040,324951,776089,28343,7634,20709,107696,29366,78330,291513,109187,182326
"47",2011,6398408,1491603,4906805,5142590,1129690,4012900,1114119,323582,790537,28879,7702,21177,112820,30629,82191,300297,114258,186039
"47",2012,6455469,1492185,4963284,5176523,1129114,4047409,1131185,323458,807727,29675,7979,21696,118086,31634,86452,311968,119375,192593
"47",2013,6496130,1491076,5005054,5200410,1126684,4073726,1142748,323558,819190,30255,8142,22113,122717,32692,90025,319572,124178,195394
"47",2014,6547779,1494788,5052991,5233158,1127902,4105256,1155595,324585,831010,31179,8332,22847,127847,33969,93878,329855,128754,201101
"47",2015,6600299,1497611,5102688,5267640,1129248,4138392,1167771,325003,842768,31828,8484,23344,133060,34876,98184,340508,132770,207738
"48",1990,17056755,4906220,12150535,14596281,4102189,10494092,2055356,681106,1374250,71086,20768,50318,334032,102157,231875,4380366,1640913,2739453
"48",1991,17398005,5000793,12397212,14866326,4174713,10691613,2097163,696660,1400503,75749,22390,53359,358767,107030,251737,4566461,1696805,2869656
"48",1992,17759738,5109804,12649934,15150323,4259369,10890954,2140131,712493,1427638,81452,24615,56837,387832,113327,274505,4773597,1768917,3004680
"48",1993,18161612,5217899,12943713,15465878,4341567,11124311,2190589,729226,1461363,87666,26893,60773,417479,120213,297266,5001566,1841556,3160010
"48",1994,18564062,5331524,13232538,15786041,4430309,11355732,2239106,745861,1493245,93978,29122,64856,444937,126232,318705,5226512,1913953,3312559
"48",1995,18958751,5421784,13536967,16091516,4500799,11590717,2292393,756828,1535565,100736,31367,69369,474106,132790,341316,5452558,1980592,3471966
"48",1996,19340342,5551447,13788895,16388403,4602594,11785809,2335740,772322,1563418,109062,34593,74469,507137,141938,365199,5683183,2061577,3621606
"48",1997,19740317,5655482,14084835,16707405,4688534,12018871,2377071,779727,1597344,117310,37501,79809,538531,149720,388811,5935560,2150743,3784817
"48",1998,20157531,5759054,14398477,17042903,4774714,12268189,2419724,787057,1632667,126040,40209,85831,568864,157074,411790,6196823,2240666,3956157
"48",1999,20558220,5840211,14718009,17358613,4840528,12518085,2461293,793154,1668139,135363,43203,92160,602951,163326,439625,6458217,2323079,4135138
"48",2000,20944499,5906301,15038198,17649659,4892155,12757504,2498467,794893,1703574,152791,48310,104481,643582,170943,472639,6739868,2409041,4330827
"48",2001,21319622,5980187,15339435,17922031,4944272,12977759,2551645,805232,1746413,161234,50321,110913,684712,180362,504350,6987005,2483740,4503265
"48",2002,21690325,6060372,15629953,18192259,5002448,13189811,2602237,815706,1786531,169564,52301,117263,726265,189917,536348,7244849,2567746,4677103
"48",2003,22030931,6132980,15897951,18440940,5054455,13386485,2646739,824790,1821949,178367,54473,123894,764885,199262,565623,7498587,2651364,4847223
"48",2004,22394023,6208259,16185764,18705854,5108942,13596912,2697339,833265,1864074,188400,57354,131046,802430,208698,593732,7749995,2737057,5012938
"48",2005,22778123,6290970,16487153,18980757,5166664,13814093,2753898,844021,1909877,199396,60696,138700,844072,219589,624483,8010747,2824853,5185894
"48",2006,23359580,6446798,16912782,19346962,5258238,14088724,2904002,889781,2014221,212915,65079,147836,895701,233700,662001,8308008,2927949,5380059
"48",2007,23831983,6565872,17266111,19694301,5346593,14347708,2962118,901404,2060714,227411,70101,157310,948153,247774,700379,8618270,3039334,5578936
"48",2008,24309039,6675917,17633122,20037899,5423747,14614152,3027152,914168,2112984,243884,75827,168057,1000104,262175,737929,8927300,3142407,5784893
"48",2009,24801761,6792907,18008854,20386890,5503002,14883888,3101293,930562,2170731,261852,83291,178561,1051726,276052,775674,9239906,3247740,5992166
"48",2010,25244363,6877239,18367124,20695670,5558744,15136926,3170946,941914,2229032,276684,89033,187651,1101063,287548,813515,9515613,3329213,6186400
"48",2011,25654464,6930783,18723681,20984146,5598555,15385591,3234719,946073,2288646,282081,87922,194159,1153518,298233,855285,9743895,3372117,6371778
"48",2012,26089741,6984969,19104772,21278553,5634745,15643808,3313181,953701,2359480,287735,87058,200677,1210272,309465,900807,9958571,3409041,6549530
"48",2013,26500674,7045402,19455272,21550476,5673696,15876780,3385551,963235,2422316,293644,86359,207285,1271003,322112,948891,10181053,3447823,6733230
"48",2014,26979078,7126227,19852851,21867023,5723828,16143195,3469944,978953,2490991,301468,87764,213704,1340643,335682,1004961,10419606,3496079,6923527
"48",2015,27469114,7211771,20257343,22188899,5776212,16412687,3557565,996190,2561375,309742,89662,220080,1412908,349707,1063201,10670101,3546982,7123119
"49",1990,1731223,627122,1104101,1659462,599502,1059960,12085,4357,7728,25315,11243,14072,34361,12020,22341,85534,35138,50396
"49",1991,1779780,637216,1142564,1704129,608287,1095842,12857,4697,8160,26180,11560,14620,36614,12672,23942,91991,37281,54710
"49",1992,1836799,648725,1188074,1757128,619019,1138109,13840,5048,8792,26787,11594,15193,39044,13064,25980,98880,39718,59162
"49",1993,1898404,662968,1235436,1814530,631760,1182770,14659,5419,9240,27680,11954,15726,41535,13835,27700,107682,42763,64919
"49",1994,1960446,673935,1286511,1870707,640803,1229904,15822,5929,9893,29153,12490,16663,44764,14713,30051,117933,46323,71610
"49",1995,2014177,679636,1334541,1920407,645531,1274876,16794,6309,10485,29794,12546,17248,47182,15250,31932,128642,50162,78480
"49",1996,2067976,687078,1380898,1970235,651728,1318507,17828,6912,10916,30303,12580,17723,49610,15858,33752,143009,55530,87479
"49",1997,2119784,699528,1420256,2017391,662275,1355116,19058,7566,11492,30989,12843,18146,52346,16844,35502,159784,62080,97704
"49",1998,2165960,709386,1456574,2059104,670478,1388626,20190,8138,12052,31960,13120,18840,54706,17650,37056,176211,68555,107656
"49",1999,2203482,715398,1488084,2092488,674859,1417629,21374,8778,12596,32689,13394,19295,56931,18367,38564,190588,74129,116459
"49",2000,2244502,721686,1522816,2127048,679107,1447941,23349,9771,13578,33898,13595,20303,60207,19213,40994,204356,79192,125164
"49",2001,2283715,726819,1556896,2161013,682628,1478385,25050,10490,14560,34428,13641,20787,63224,20060,43164,217648,84132,133516
"49",2002,2324815,733517,1591298,2196834,687810,1509024,26645,11252,15393,35334,13757,21577,66002,20698,45304,231111,89544,141567
"49",2003,2360137,740483,1619654,2227843,693627,1534216,27680,11663,16017,35962,13873,22089,68652,21320,47332,243047,94499,148548
"49",2004,2401580,751771,1649809,2264136,703160,1560976,29165,12474,16691,36748,13995,22753,71531,22142,49389,254864,99351,155513
"49",2005,2457719,767888,1689831,2313863,717284,1596579,31217,13391,17826,37974,14199,23775,74665,23014,51651,269469,105455,164014
"49",2006,2525507,789957,1735550,2374257,736702,1637555,33424,14535,18889,39434,14638,24796,78392,24082,54310,287418,113483,173935
"49",2007,2597746,815496,1782250,2437796,758898,1678898,36225,15962,20263,41360,15272,26088,82365,25364,57001,309661,123563,186098
"49",2008,2663029,837258,1825771,2495003,777795,1717208,38231,16792,21439,43023,15786,27237,86772,26885,59887,330732,132811,197921
"49",2009,2723421,857853,1865568,2547024,795286,1751738,40659,17769,22890,44616,16425,28191,91122,28373,62749,347583,140071,207512
"49",2010,2775426,874024,1901402,2591621,809217,1782404,42774,18522,24252,46142,16887,29255,94889,29398,65491,360639,144704,215935
"49",2011,2816440,882354,1934086,2626535,816151,1810384,44259,18925,25334,47055,17181,29874,98591,30097,68494,370281,147554,222727
"49",2012,2856343,888880,1967463,2659337,821002,1838335,46110,19313,26797,48180,17654,30526,102716,30911,71805,378876,149534,229342
"49",2013,2903685,898124,2005561,2698992,828357,1870635,47886,19781,28105,49552,18164,31388,107255,31822,75433,389693,152531,237162
"49",2014,2944498,904774,2039724,2732181,833265,1898916,49504,20166,29338,50751,18431,32320,112062,32912,79150,399273,154939,244334
"49",2015,2995919,912496,2083423,2774714,838890,1935824,51263,20661,30602,52088,18643,33445,117854,34302,83552,411143,157849,253294
"50",1990,564798,143296,421502,558134,141102,417032,1890,672,1218,1588,498,1090,3186,1024,2162,3512,1059,2453
"50",1991,568606,145219,423387,561703,143018,418685,1956,730,1226,1596,482,1114,3351,989,2362,3574,1056,2518
"50",1992,572751,146983,425768,565268,144626,420642,2220,831,1389,1619,445,1174,3644,1081,2563,3587,1083,2504
"50",1993,577748,148705,429043,569283,145945,423338,2784,1117,1667,1715,460,1255,3966,1183,2783,3951,1238,2713
"50",1994,583836,150794,433042,574952,147816,427136,2742,1081,1661,1886,558,1328,4256,1339,2917,4049,1255,2794
"50",1995,589002,151439,437563,579500,148272,431228,2936,1143,1793,1982,578,1404,4584,1446,3138,4104,1289,2815
"50",1996,593701,151490,442211,583482,148023,435459,3311,1347,1964,2051,580,1471,4857,1540,3317,4392,1465,2927
"50",1997,597239,150040,447199,586569,146505,440064,3249,1279,1970,2341,685,1656,5080,1571,3509,4802,1574,3228
"50",1998,600416,148467,451949,589381,144795,444586,3381,1363,2018,2405,669,1736,5249,1640,3609,4736,1551,3185
"50",1999,604683,147859,456824,593357,144106,449251,3535,1452,2083,2478,665,1813,5313,1636,3677,4879,1597,3282
"50",2000,609618,147549,462069,596636,143215,453421,4140,1714,2426,2996,884,2112,5846,1736,4110,5556,1849,3707
"50",2001,612223,146040,466183,598383,141497,456886,4590,1856,2734,3039,875,2164,6211,1812,4399,6104,2034,4070
"50",2002,615442,144441,471001,600887,139707,461180,4945,2021,2924,2991,830,2161,6619,1883,4736,6577,2147,4430
"50",2003,617858,142718,475140,602530,137737,464793,5430,2256,3174,2964,783,2181,6934,1942,4992,6928,2255,4673
"50",2004,619920,141068,478852,603896,135871,468025,5862,2400,3462,3001,785,2216,7161,2012,5149,7344,2380,4964
"50",2005,621215,138933,482282,604380,133569,470811,6377,2550,3827,2985,787,2198,7473,2027,5446,7754,2460,5294
"50",2006,622892,136731,486161,605116,131048,474068,6911,2828,4083,3019,770,2249,7846,2085,5761,8137,2610,5527
"50",2007,623481,134695,488786,604985,128854,476131,7264,2938,4326,3002,739,2263,8230,2164,6066,8492,2700,5792
"50",2008,624151,132600,491551,605092,126570,478522,7759,3144,4615,3039,746,2293,8261,2140,6121,8923,2775,6148
"50",2009,624817,130450,494367,604741,124173,480568,8372,3307,5065,3098,745,2353,8606,2225,6381,9274,2916,6358
"50",2010,625984,128794,497190,605648,122348,483300,8514,3371,5143,3017,757,2260,8805,2318,6487,9307,2879,6428
"50",2011,626687,126761,499926,605465,120188,485277,8959,3440,5519,3053,735,2318,9210,2398,6812,9774,2902,6872
"50",2012,626398,124823,501575,604385,118104,486281,9275,3516,5759,3052,730,2322,9686,2473,7213,10206,2951,7255
"50",2013,627129,123204,503925,604086,116293,487793,9842,3665,6177,3063,719,2344,10138,2527,7611,10790,3048,7742
"50",2014,626767,121627,505140,602803,114572,488231,10204,3737,6467,3086,702,2384,10674,2616,8058,11158,3086,8072
"50",2015,626042,119923,506119,601224,112767,488457,10569,3792,6777,3124,696,2428,11125,2668,8457,11525,3102,8423
"51",1990,6216884,1520670,4696214,4864381,1123646,3740735,1174876,347203,827673,14835,3523,11312,162792,46298,116494,160703,47070,113633
"51",1991,6301217,1548258,4752959,4911013,1138455,3772558,1202194,358063,844131,15292,3701,11591,172718,48039,124679,170255,50403,119852
"51",1992,6414307,1581544,4832763,4975078,1156302,3818776,1238551,371113,867438,16014,3931,12083,184664,50198,134466,180416,54355,126061
"51",1993,6509630,1604757,4904873,5029395,1167356,3862039,1268404,381559,886845,16690,4225,12465,195141,51617,143524,193488,58715,134773
"51",1994,6593139,1628709,4964430,5076560,1180567,3895993,1294734,390685,904049,17338,4477,12861,204507,52980,151527,206666,63748,142918
"51",1995,6670693,1649004,5021689,5116998,1190614,3926384,1319225,398349,920876,17669,4533,13136,216801,55508,161293,222288,68954,153334
"51",1996,6750884,1664147,5086737,5159409,1196862,3962547,1342874,404033,938841,18686,4812,13874,229915,58440,171475,240701,74295,166406
"51",1997,6829183,1683766,5145417,5198093,1205692,3992401,1367796,411165,956631,19475,5024,14451,243819,61885,181934,260855,81143,179712
"51",1998,6900918,1706262,5194656,5230673,1215972,4014701,1392692,419711,972981,20537,5372,15165,257016,65207,191809,281892,87880,194012
"51",1999,7000174,1723125,5277049,5282184,1222558,4059626,1422517,426382,996135,21741,5662,16079,273732,68523,205209,304191,94746,209445
"51",2000,7105817,1741420,5364397,5340360,1230837,4109523,1445626,430893,1014733,25675,6680,18995,294156,73010,221146,334268,103885,230383
"51",2001,7198362,1754549,5443813,5394417,1237968,4156449,1462901,431989,1030912,27837,7214,20623,313207,77378,235829,361650,112791,248859
"51",2002,7286873,1771247,5515626,5444069,1247573,4196496,1480645,433821,1046824,29806,7661,22145,332353,82192,250161,389793,122898,266895
"51",2003,7366977,1782254,5584723,5487553,1251840,4235713,1496240,435086,1061154,31689,8223,23466,351495,87105,264390,418238,132506,285732
"51",2004,7475575,1801958,5673617,5550005,1262651,4287354,1519571,438141,1081430,33746,8840,24906,372253,92326,279927,449301,142722,306579
"51",2005,7577105,1816270,5760835,5605707,1269295,4336412,1541027,439348,1101679,35677,9352,26325,394694,98275,296419,482696,154103,328593
"51",2006,7673725,1826368,5847357,5654946,1271869,4383077,1565510,441029,1124481,37767,9949,27818,415502,103521,311981,516096,165489,350607
"51",2007,7751000,1834386,5916614,5692111,1273266,4418845,1583256,441720,1141536,39779,10591,29188,435854,108809,327045,546471,176958,369513
"51",2008,7833496,1838361,5995135,5733461,1272148,4461313,1602530,440701,1161829,41989,11195,30794,455516,114317,341199,575669,187131,388538
"51",2009,7925937,1845132,6080805,5782225,1271238,4510987,1623781,442044,1181737,44517,12237,32280,475414,119613,355801,607430,197298,410132
"51",2010,8025787,1855369,6170418,5836454,1273484,4562970,1645670,443891,1201779,46633,12839,33794,497030,125155,371875,638425,207056,431369
"51",2011,8110783,1858793,6251990,5885659,1277203,4608456,1660540,440098,1220442,47495,12684,34811,517089,128808,388281,664427,215015,449412
"51",2012,8193374,1862645,6330729,5931185,1279580,4651605,1677480,438260,1239220,48235,12423,35812,536474,132382,404092,687867,221877,465990
"51",2013,8267875,1866505,6401370,5966890,1280476,4686414,1694378,437378,1257000,49072,12297,36775,557535,136354,421181,712389,229697,482692
"51",2014,8328098,1868604,6459494,5987573,1277698,4709875,1711557,438373,1273184,50154,12395,37759,578814,140138,438676,734254,236412,497842
"51",2015,8382993,1870422,6512571,6003584,1273341,4730243,1729691,440451,1289240,50911,12629,38282,598807,144001,454806,754737,242486,512251
"53",1990,4903043,1301545,3601498,4441089,1146715,3294374,154374,53559,100815,87942,32496,55446,219638,68775,150863,217833,88997,128836
"53",1991,5025624,1326527,3699097,4540269,1166755,3373514,161116,55992,105124,90502,32993,57509,233737,70787,162950,233956,94919,139037
"53",1992,5160757,1365480,3795277,4648010,1197678,3450332,169408,59322,110086,93266,33952,59314,250073,74528,175545,253377,103677,149700
"53",1993,5278842,1387716,3891126,4741360,1214346,3527014,175390,61397,113993,95614,34377,61237,266478,77596,188882,273529,111245,162284
"53",1994,5375161,1409922,3965239,4811969,1229381,3582588,182652,64470,118182,97892,34990,62902,282648,81081,201567,294507,120140,174367
"53",1995,5481027,1429397,4051630,4890573,1242086,3648487,190801,67247,123554,100307,35732,64575,299346,84332,215014,317977,129421,188556
"53",1996,5569753,1449613,4120140,4952697,1254636,3698061,199460,70912,128548,102378,36371,66007,315218,87694,227524,341861,138733,203128
"53",1997,5674747,1473646,4201101,5028100,1270375,3757725,208977,74492,134485,104529,36869,67660,333141,91910,241231,369100,149436,219664
"53",1998,5769562,1494784,4274778,5092843,1282680,3810163,215228,76963,138265,107633,37995,69638,353858,97146,256712,395766,160261,235505
"53",1999,5842564,1507824,4334740,5138607,1289644,3848963,222319,79979,142340,110034,38455,71579,371604,99746,271858,420878,169646,251232
"53",2000,5910512,1516361,4394151,5176563,1291125,3885438,231593,83245,148348,112353,38957,73396,390003,103034,286969,446953,179432,267521
"53",2001,5985722,1517527,4468195,5223085,1287252,3935833,239036,84873,154163,115121,39458,75663,408480,105944,302536,473640,189012,284628
"53",2002,6052349,1517655,4534694,5262109,1282178,3979931,245869,86465,159404,117689,39959,77730,426682,109053,317629,499071,198446,300625
"53",2003,6104115,1514877,4589238,5289159,1273964,4015195,250925,87967,162958,120618,40654,79964,443413,112292,331121,524164,207896,316268
"53",2004,6178645,1520751,4657894,5334934,1272106,4062828,257470,90150,167320,124543,41890,82653,461698,116605,345093,553147,219953,333194
"53",2005,6257305,1523890,4733415,5383048,1267725,4115323,264736,92035,172701,127959,43083,84876,481562,121047,360515,583264,231874,351390
"53",2006,6370753,1536926,4833827,5458060,1271811,4186249,275137,95169,179968,131727,43956,87771,505829,125990,379839,618798,245647,373151
"53",2007,6461587,1549582,4912005,5514266,1275031,4239235,283382,98418,184964,136097,45441,90656,527842,130692,397150,652679,259648,393031
"53",2008,6562231,1560302,5001929,5577318,1276390,4300928,294548,101046,193502,140912,47200,93712,549453,135666,413787,690377,274260,416117
"53",2009,6667426,1574403,5093023,5644881,1281822,4363059,305941,104026,201915,144735,47649,97086,571869,140906,430963,729810,289587,440223
"53",2010,6743060,1582430,5160630,5690236,1283436,4406800,313537,105476,208061,148504,48404,100100,590783,145114,445669,761823,301833,459990
"53",2011,6823229,1585381,5237848,5734845,1280010,4454835,324526,107555,216971,151749,49786,101963,612109,148030,464079,786572,309921,476651
"53",2012,6897292,1587752,5309540,5772025,1276026,4495999,335456,109561,225895,154975,51040,103935,634836,151125,483711,810322,316845,493477
"53",2013,6973281,1594321,5378960,5809668,1274907,4534761,346066,111596,234470,158059,52514,105545,659488,155304,504184,834233,323994,510239
"53",2014,7063166,1602064,5461102,5859272,1275609,4583663,356014,114064,241950,160619,52744,107875,687261,159647,527614,859910,330593,529317
"53",2015,7170351,1611842,5558509,5923371,1278621,4644750,366391,116098,250293,163021,52720,110301,717568,164403,553165,886418,336536,549882
"54",1990,1792548,436797,1355751,1727452,418178,1309274,56068,16138,39930,1944,444,1500,7084,2037,5047,7775,2369,5406
"54",1991,1798735,433918,1364817,1733237,415298,1317939,55983,16078,39905,2071,499,1572,7444,2043,5401,7671,2281,5390
"54",1992,1806451,433116,1373335,1740487,414531,1325956,56046,16108,39938,2115,485,1630,7803,1992,5811,8017,2398,5619
"54",1993,1817539,432364,1385175,1750066,413353,1336713,56949,16441,40508,2237,511,1726,8287,2059,6228,8141,2432,5709
"54",1994,1820421,429128,1391293,1752285,410078,1342207,57638,16628,41010,2223,469,1754,8275,1953,6322,8557,2593,5964
"54",1995,1823700,428790,1394910,1754734,409332,1345402,58464,17063,41401,2212,477,1735,8290,1918,6372,8864,2740,6124
"54",1996,1822808,422831,1399977,1752801,403360,1349441,59041,17001,42040,2354,522,1832,8612,1948,6664,9227,2904,6323
"54",1997,1819113,418037,1401076,1748644,398363,1350281,59365,17082,42283,2398,520,1878,8706,2072,6634,9576,3090,6486
"54",1998,1815609,412793,1402816,1743975,392953,1351022,59966,17065,42901,2529,558,1971,9139,2217,6922,9844,3195,6649
"54",1999,1811799,406785,1405014,1740096,387246,1352850,59775,16759,43016,2525,543,1982,9403,2237,7166,10329,3345,6984
"54",2000,1807021,401062,1405959,1731516,380775,1350741,60967,16979,43988,3744,808,2936,10794,2500,8294,12347,3897,8450
"54",2001,1801481,395307,1406174,1725478,375077,1350401,61171,16896,44275,3775,789,2986,11057,2545,8512,13147,4090,9057
"54",2002,1805414,393569,1411845,1728416,373120,1355296,61832,17060,44772,3820,781,3039,11346,2608,8738,14038,4419,9619
"54",2003,1812295,392460,1419835,1733784,371609,1362175,62866,17389,45477,3818,756,3062,11827,2706,9121,15166,4772,10394
"54",2004,1816438,391856,1424582,1736570,370765,1365805,63682,17593,46089,3887,793,3094,12299,2705,9594,16201,5194,11007
"54",2005,1820492,390431,1430061,1739381,369005,1370376,64664,17901,46763,3961,747,3214,12486,2778,9708,17573,5700,11873
"54",2006,1827912,390637,1437275,1744654,368606,1376048,66217,18314,47903,4013,761,3252,13028,2956,10072,19028,6235,12793
"54",2007,1834052,390661,1443391,1749103,368130,1380973,67505,18744,48761,4090,754,3336,13354,3033,10321,20146,6800,13346
"54",2008,1840310,390210,1450100,1753592,367126,1386466,68836,19100,49736,4211,808,3403,13671,3176,10495,21215,7295,13920
"54",2009,1847775,389036,1458739,1758904,365543,1393361,70465,19463,51002,4260,782,3478,14146,3248,10898,22044,7539,14505
"54",2010,1854225,387272,1466953,1763966,363786,1400180,71680,19555,52125,4131,748,3383,14448,3183,11265,22441,7521,14920
"54",2011,1854948,385343,1469605,1762837,361675,1401162,72733,19729,53004,4226,732,3494,15152,3207,11945,23763,7837,15926
"54",2012,1856283,384105,1472178,1762483,360106,1402377,73710,19953,53757,4374,770,3604,15716,3276,12440,24933,8082,16851
"54",2013,1852985,382244,1470741,1757365,357939,1399426,74854,20174,54680,4458,758,3700,16308,3373,12935,26024,8226,17798
"54",2014,1848751,380721,1468030,1751740,356044,1395696,75516,20433,55083,4542,797,3745,16953,3447,13506,26946,8506,18440
"54",2015,1844128,379596,1464532,1745625,354512,1391113,76375,20721,55654,4654,847,3807,17474,3516,13958,27809,8668,19141
"55",1990,4904562,1302869,3601693,4561903,1162769,3399134,248027,100965,147062,40255,15657,24598,54377,23478,30899,93534,39645,53889
"55",1991,4964343,1314855,3649488,4608532,1169981,3438551,256644,104169,152475,41340,16012,25328,57827,24693,33134,99689,41629,58060
"55",1992,5025398,1330555,3694843,4656440,1180909,3475531,264916,107154,157762,42172,16291,25881,61870,26201,35669,106191,44298,61893
"55",1993,5084889,1337334,3747555,4702332,1182715,3519617,272844,110189,162655,43379,16705,26674,66334,27725,38609,113808,47025,66783
"55",1994,5133678,1348110,3785568,4737608,1187963,3549645,281134,113684,167450,44630,17224,27406,70306,29239,41067,123144,50327,72817
"55",1995,5184836,1351343,3833493,4776043,1187044,3588999,288815,116084,172731,45659,17453,28206,74319,30762,43557,132728,53322,79406
"55",1996,5229986,1352877,3877109,4807455,1184159,3623296,297086,118532,178554,47109,17814,29295,78336,32372,45964,142409,56263,86146
"55",1997,5266213,1359712,3906501,4832787,1187346,3645441,302926,120398,182528,48079,18049,30030,82421,33919,48502,153709,60791,92918
"55",1998,5297672,1362907,3934765,4853821,1187043,3666778,308347,121705,186642,49041,18339,30702,86463,35820,50643,166121,65307,100814
"55",1999,5332666,1367019,3965647,4874589,1186092,3688497,315230,124360,190870,50536,18711,31825,92311,37856,54455,178834,70151,108683
"55",2000,5373999,1370440,4003559,4898562,1184175,3714387,323897,127313,196584,52933,19309,33624,98607,39643,58964,195371,76211,119160
"55",2001,5406835,1367593,4039242,4918108,1177664,3740444,331554,129711,201843,54118,19659,34459,103055,40559,62496,209771,81542,128229
"55",2002,5445162,1365315,4079847,4942435,1172317,3770118,339499,131731,207768,55528,19976,35552,107700,41291,66409,223996,87269,136727
"55",2003,5479203,1358505,4120698,4963767,1163393,3800374,346353,133041,213312,56937,20216,36721,112146,41855,70291,237465,92681,144784
"55",2004,5514026,1354643,4159383,4986571,1157377,3829194,352749,134218,218531,58298,20570,37728,116408,42478,73930,250997,98422,152575
"55",2005,5546166,1349866,4196300,5005823,1150354,3855469,359771,135598,224173,59895,20920,38975,120677,42994,77683,265521,104638,160883
"55",2006,5577655,1348785,4228870,5024117,1145766,3878351,367132,137749,229383,61283,21249,40034,125123,44021,81102,280661,111529,169132
"55",2007,5610775,1348901,4261874,5043468,1142103,3901365,374709,139901,234808,63113,21813,41300,129485,45084,84401,296250,118891,177359
"55",2008,5640996,1345573,4295423,5060201,1135861,3924340,381998,141445,240553,64716,22288,42428,134081,45979,88102,310916,125772,185144
"55",2009,5669264,1342411,4326853,5075213,1130637,3944576,389316,142357,246959,66166,22562,43604,138569,46855,91714,325679,132161,193518
"55",2010,5690204,1336977,4353227,5083869,1124228,3959641,395815,142536,253279,67847,22853,44994,142673,47360,95313,337835,136926,200909
"55",2011,5709720,1326687,4383033,5092157,1113067,3979090,400578,142478,258100,69050,23125,45925,147935,48017,99918,347002,139844,207158
"55",2012,5726422,1316961,4409461,5097878,1102393,3995485,404897,142271,262626,70138,23434,46704,153509,48863,104646,355858,142694,213164
"55",2013,5743653,1308492,4435161,5104371,1092576,4011795,408590,142107,266483,71262,23887,47375,159430,49922,109508,364775,145433,219342
"55",2014,5759432,1301560,4457872,5108811,1084588,4024223,412707,142152,270555,72257,24093,48164,165657,50727,114930,373255,147608,225647
"55",2015,5771337,1294626,4476711,5111213,1077751,4033462,415631,141315,274316,73079,24143,48936,171414,51417,119997,381877,149464,232413
"56",1990,453690,136078,317612,437906,130075,307831,3586,1287,2299,9506,3919,5587,2692,797,1895,25524,10266,15258
"56",1991,459260,136720,322540,443119,130540,312579,3629,1302,2327,9804,4113,5691,2708,765,1943,26154,10373,15781
"56",1992,466251,137308,328943,449604,130927,318677,3865,1410,2455,10100,4236,5864,2682,735,1947,26433,10392,16041
"56",1993,473081,137458,335623,455940,130895,325045,3789,1357,2432,10559,4421,6138,2793,785,2008,27065,10410,16655
"56",1994,480283,137733,342550,463013,131124,331889,3810,1397,2413,10635,4447,6188,2825,765,2060,27501,10419,17082
"56",1995,485160,136785,348375,467778,130281,337497,3936,1399,2537,10638,4345,6293,2808,760,2048,27812,10408,17404
"56",1996,488167,135698,352469,470304,129083,341221,4040,1444,2596,10917,4380,6537,2906,791,2115,27954,10336,17618
"56",1997,489451,134327,355124,471612,127836,343776,3924,1333,2591,10895,4342,6553,3020,816,2204,29020,10972,18048
"56",1998,490787,132602,358185,472474,125963,346511,4164,1433,2731,11148,4410,6738,3001,796,2205,29780,11236,18544
"56",1999,491780,130793,360987,472739,123834,348905,4250,1519,2731,11689,4616,7073,3102,824,2278,30346,11383,18963
"56",2000,494300,128774,365526,473848,121633,352215,4720,1722,2998,12208,4554,7654,3524,865,2659,31999,11753,20246
"56",2001,494657,126212,368445,473249,118691,354558,5030,1826,3204,12646,4777,7869,3732,918,2814,32956,11922,21034
"56",2002,500017,125495,374522,477938,117774,360164,5234,1934,3300,12905,4833,8072,3940,954,2986,34254,12059,22195
"56",2003,503453,124182,379271,480960,116360,364600,5386,2008,3378,13013,4842,8171,4094,972,3122,35424,12320,23104
"56",2004,509106,123974,385132,485888,115958,369930,5634,2088,3546,13333,4936,8397,4251,992,3259,37001,12852,24149
"56",2005,514157,124022,390135,490272,115693,374579,5845,2191,3654,13608,5089,8519,4432,1049,3383,38578,13426,25152
"56",2006,522667,125525,397142,497710,116924,380786,6055,2261,3794,14140,5228,8912,4762,1112,3650,40433,14112,26321
"56",2007,534876,128760,406116,508757,119728,389029,6455,2384,4071,14709,5476,9233,4955,1172,3783,43022,15292,27730
"56",2008,546043,131511,414532,519057,122115,396942,6502,2447,4055,15245,5706,9539,5239,1243,3996,45949,16592,29357
"56",2009,559851,134960,424891,531442,125339,406103,7133,2595,4538,15669,5708,9961,5607,1318,4289,48769,17790,30979
"56",2010,564516,135493,429023,535881,125963,409918,7089,2572,4517,15814,5650,10164,5732,1308,4424,50593,18280,32313
"56",2011,567768,135532,432236,537886,125773,412113,7741,2652,5089,16130,5753,10377,6011,1354,4657,51799,18658,33141
"56",2012,577080,136789,440291,543328,126539,416789,10702,2903,7799,16558,5906,10652,6492,1441,5051,54989,19172,35817
"56",2013,583131,138003,445128,546904,127201,419703,12429,3174,9255,16877,6084,10793,6921,1544,5377,56466,19593,36873
"56",2014,584304,138726,445578,548664,127503,421161,11224,3398,7826,17205,6169,11036,7211,1656,5555,57269,19849,37420
"56",2015,586107,138895,447212,550547,127546,423001,10767,3411,7356,17347,6182,11165,7446,1756,5690,58207,20132,38075
